# Photomultiplier 600V, Amplifier 1uA x3
# Spectrum #00013	2:47:35 PM 4/26/2018
# Wide scan: start 750nm, end 1249.79nm
# Monochromator settings: Grating: 1200 lines/mm; Slits: entrance 20um, exit 20um.
# DAQ device: PCI-6221; ADC bits: 16; Settling time: 10ms
# ADC input range: 10V max, -10V min. Sampling: 100 samples at 6.0006k/second.
# Wavelength (nm)    Signal (V)
750                  0.022333
750.41               0.022138
750.82               0.029869
751.23               0.035386
751.64               0.029096
752.05               0.026257
752.46               0.02354
752.87               0.022524
753.28               0.022012
753.69               0.021483
754.1                0.022343
754.51               0.0217
754.92               0.021411
755.33               0.021142
755.74               0.020668
756.15               0.020064
756.56               0.019831
756.97               0.01961
757.38               0.01926
757.79               0.019652
758.2                0.019951
758.61               0.019604
759.02               0.020441
759.43               0.020876
759.84               0.021694
760.25               0.020999
760.66               0.021216
761.07               0.021087
761.48               0.019389
761.89               0.020253
762.3                0.021252
762.71               0.021346
763.12               0.020519
763.53               0.020649
763.94               0.035178
764.35               0.036947
764.76               0.030985
765.17               0.026665
765.58               0.022485
765.99               0.022102
766.4                0.021346
766.81               0.020856
767.22               0.020655
767.63               0.021174
768.04               0.020749
768.45               0.019899
768.86               0.020739
769.27               0.019896
769.68               0.018903
770.09               0.019237
770.5                0.018604
770.91               0.019889
771.32               0.019535
771.73               0.018997
772.14               0.021109
772.55               0.02295
772.96               0.03006
773.37               0.026218
773.78               0.023913
774.19               0.022563
774.6                0.022077
775.01               0.021161
775.42               0.021022
775.83               0.021564
776.24               0.02121
776.65               0.019737
777.06               0.020996
777.47               0.0195
777.88               0.018932
778.29               0.019175
778.7                0.019776
779.11               0.020973
779.52               0.019961
779.93               0.019665
780.34               0.020499
780.75               0.020386
781.16               0.019597
781.57               0.019766
781.98               0.021041
782.39               0.020048
782.8                0.021025
783.21               0.019818
783.62               0.018883
784.03               0.019857
784.44               0.018403
784.85               0.018597
785.26               0.018737
785.67               0.020438
786.08               0.020136
786.49               0.019782
786.9                0.020048
787.31               0.018769
787.72               0.018756
788.13               0.019175
788.54               0.018341
788.95               0.019328
789.36               0.018779
789.77               0.019704
790.18               0.018218
790.59               0.020032
791                  0.021041
791.41               0.019292
791.82               0.020249
792.23               0.020142
792.64               0.020272
793.05               0.020639
793.46               0.020292
793.87               0.020223
794.28               0.020824
794.69               0.019931
795.1                0.022748
795.51               0.025121
795.92               0.023612
796.33               0.022398
796.74               0.02181
797.15               0.02072
797.56               0.020308
797.97               0.01863
798.38               0.019425
798.79               0.019175
799.2                0.019279
799.61               0.019318
800.02               0.020081
800.43               0.01912
800.84               0.019503
801.25               0.019162
801.66               0.019516
802.07               0.020801
802.48               0.020262
802.89               0.020171
803.3                0.020593
803.71               0.020434
804.12               0.019542
804.53               0.019691
804.94               0.019263
805.35               0.019023
805.76               0.019763
806.17               0.019756
806.58               0.019853
806.99               0.020275
807.4                0.021165
807.81               0.021139
808.22               0.0207
808.63               0.021233
809.04               0.019224
809.45               0.02047
809.86               0.127467
810.27               0.089331
810.68               0.062504
811.09               0.047907
811.5                0.036632
811.91               0.046547
812.32               0.0505
812.73               0.038628
813.14               0.031433
813.55               0.025952
813.96               0.023514
814.37               0.021103
814.78               0.019704
815.19               0.019217
815.6                0.020814
816.01               0.026834
816.42               0.024816
816.83               0.022339
817.24               0.02108
817.65               0.019571
818.06               0.019948
818.47               0.01987
818.88               0.021703
819.29               0.019678
819.7                0.020259
820.11               0.01973
820.52               0.019753
820.93               0.019091
821.34               0.018185
821.75               0.017221
822.16               0.018078
822.57               0.017906
822.98               0.018429
823.39               0.018211
823.8                0.017705
824.21               0.018117
824.62               0.019389
825.03               0.019535
825.44               0.019493
825.85               0.019019
826.26               0.017835
826.67               0.023358
827.08               0.028042
827.49               0.024439
827.9                0.021655
828.31               0.021327
828.72               0.018951
829.13               0.018656
829.54               0.018189
829.95               0.017562
830.36               0.017909
830.77               0.018331
831.18               0.017471
831.59               0.017919
832                  0.01923
832.41               0.019503
832.82               0.018539
833.23               0.018695
833.64               0.018825
834.05               0.017893
834.46               0.018036
834.87               0.017543
835.28               0.016881
835.69               0.018218
836.1                0.016972
836.51               0.017711
836.92               0.018279
837.33               0.018004
837.74               0.016997
838.15               0.017838
838.56               0.018818
838.97               0.01887
839.38               0.019756
839.79               0.018322
840.2                0.018724
840.61               0.01874
841.02               0.018834
841.43               0.019188
841.84               0.018935
842.25               0.018351
842.66               0.019785
843.07               0.019558
843.48               0.018017
843.89               0.018841
844.3                0.017965
844.71               0.017841
845.12               0.017604
845.53               0.01778
845.94               0.018315
846.35               0.017617
846.76               0.017698
847.17               0.017488
847.58               0.017481
847.99               0.017432
848.4                0.018474
848.81               0.019918
849.22               0.019243
849.63               0.019763
850.04               0.019964
850.45               0.018711
850.86               0.018864
851.27               0.018451
851.68               0.018328
852.09               0.017705
852.5                0.018403
852.91               0.01937
853.32               0.018925
853.73               0.018588
854.14               0.018406
854.55               0.016939
854.96               0.018098
855.37               0.017935
855.78               0.018166
856.19               0.017676
856.6                0.016975
857.01               0.017565
857.42               0.017182
857.83               0.018386
858.24               0.017559
858.65               0.017838
859.06               0.018542
859.47               0.017403
859.88               0.017624
860.29               0.016942
860.7                0.017471
861.11               0.017773
861.52               0.018172
861.93               0.018049
862.34               0.017695
862.75               0.018062
863.16               0.016365
863.57               0.017273
863.98               0.01825
864.39               0.017552
864.8                0.016556
865.21               0.01778
865.62               0.017371
866.03               0.018072
866.44               0.018529
866.85               0.018682
867.26               0.018672
867.67               0.016929
868.08               0.017416
868.49               0.018471
868.9                0.017841
869.31               0.017384
869.72               0.01839
870.13               0.019857
870.54               0.019337
870.95               0.019548
871.36               0.019649
871.77               0.027026
872.18               0.095734
872.59               0.067181
873                  0.047176
873.41               0.034565
873.82               0.027646
874.23               0.024267
874.64               0.022057
875.05               0.020061
875.46               0.019065
875.87               0.019922
876.28               0.017621
876.69               0.017293
877.1                0.016754
877.51               0.017036
877.92               0.01789
878.33               0.016618
878.74               0.017919
879.15               0.016212
879.56               0.017208
879.97               0.017877
880.38               0.017475
880.79               0.017403
881.2                0.017893
881.61               0.017364
882.02               0.016563
882.43               0.016569
882.84               0.016592
883.25               0.017491
883.66               0.016384
884.07               0.01716
884.48               0.016975
884.89               0.017737
885.3                0.017559
885.71               0.017056
886.12               0.017708
886.53               0.018419
886.94               0.017471
887.35               0.016939
887.76               0.018305
888.17               0.01887
888.58               0.018854
888.99               0.017806
889.4                0.017173
889.81               0.018062
890.22               0.01692
890.63               0.019039
891.04               0.018831
891.45               0.017913
891.86               0.016683
892.27               0.016319
892.68               0.016527
893.09               0.017293
893.5                0.017439
893.91               0.015901
894.32               0.017617
894.73               0.017676
895.14               0.017101
895.55               0.016309
895.96               0.017575
896.37               0.018406
896.78               0.017588
897.19               0.016715
897.6                0.017364
898.01               0.016004
898.42               0.017283
898.83               0.016715
899.24               0.016803
899.65               0.016027
900.06               0.017137
900.47               0.017507
900.88               0.017225
901.29               0.018442
901.7                0.017176
902.11               0.017267
902.52               0.017575
902.93               0.018007
903.34               0.016384
903.75               0.016014
904.16               0.016832
904.57               0.016627
904.98               0.017215
905.39               0.017192
905.8                0.016913
906.21               0.018442
906.62               0.018318
907.03               0.018296
907.44               0.017439
907.85               0.017952
908.26               0.018429
908.67               0.017724
909.08               0.017127
909.49               0.017666
909.9                0.017802
910.31               0.016718
910.72               0.017367
911.13               0.017166
911.54               0.016929
911.95               0.017601
912.36               0.015735
912.77               0.015667
913.18               0.015203
913.59               0.01591
914                  0.017079
914.41               0.017062
914.82               0.017731
915.23               0.016056
915.64               0.016825
916.05               0.017932
916.46               0.017698
916.87               0.017092
917.28               0.017828
917.69               0.017715
918.1                0.018617
918.51               0.016481
918.92               0.017698
919.33               0.017877
919.74               0.016965
920.15               0.016822
920.56               0.017465
920.97               0.018383
921.38               0.017488
921.79               0.017036
922.2                0.016984
922.61               0.016316
923.02               0.017131
923.43               0.016144
923.84               0.015907
924.25               0.016627
924.66               0.018007
925.07               0.017939
925.48               0.018004
925.89               0.01729
926.3                0.017828
926.71               0.017364
927.12               0.015754
927.53               0.015634
927.94               0.016163
928.35               0.018049
928.76               0.016926
929.17               0.016608
929.58               0.015751
929.99               0.016842
930.4                0.017702
930.81               0.018886
931.22               0.017199
931.63               0.017462
932.04               0.018438
932.45               0.01679
932.86               0.017721
933.27               0.016653
933.68               0.017195
934.09               0.016835
934.5                0.016984
934.91               0.015742
935.32               0.017316
935.73               0.016472
936.14               0.016501
936.55               0.016296
936.96               0.017059
937.37               0.01827
937.78               0.017552
938.19               0.034328
938.6                0.028648
939.01               0.024926
939.42               0.021285
939.83               0.101556
940.24               0.159775
940.65               0.099697
941.06               0.064111
941.47               0.045755
941.88               0.034448
942.29               0.02786
942.7                0.023099
943.11               0.020525
943.52               0.019665
943.93               0.018143
944.34               0.018
944.75               0.017517
945.16               0.016666
945.57               0.017286
945.98               0.015972
946.39               0.017046
946.8                0.016433
947.21               0.017692
947.62               0.017231
948.03               0.017319
948.44               0.016887
948.85               0.01679
949.26               0.016365
949.67               0.016793
950.08               0.016712
950.49               0.016261
950.9                0.01667
951.31               0.017445
951.72               0.016978
952.13               0.016225
952.54               0.015621
952.95               0.016283
953.36               0.015764
953.77               0.016799
954.18               0.016027
954.59               0.016615
955                  0.018
955.41               0.016897
955.82               0.018283
956.23               0.017338
956.64               0.018182
957.05               0.016326
957.46               0.016864
957.87               0.016965
958.28               0.01692
958.69               0.017685
959.1                0.01861
959.51               0.018549
959.92               0.018789
960.33               0.018104
960.74               0.017218
961.15               0.017543
961.56               0.017257
961.97               0.016378
962.38               0.016355
962.79               0.01701
963.2                0.01652
963.61               0.016666
964.02               0.01727
964.43               0.016598
964.84               0.016767
965.25               0.016118
965.66               0.017332
966.07               0.016959
966.48               0.017702
966.89               0.017296
967.3                0.016222
967.71               0.01689
968.12               0.016313
968.53               0.015498
968.94               0.01628
969.35               0.017088
969.76               0.018004
970.17               0.017118
970.58               0.017526
970.99               0.017673
971.4                0.017737
971.81               0.01803
972.22               0.016705
972.63               0.016209
973.04               0.016673
973.45               0.016478
973.86               0.017935
974.27               0.016592
974.68               0.017231
975.09               0.017004
975.5                0.017789
975.91               0.017153
976.32               0.017202
976.73               0.017367
977.14               0.01691
977.55               0.01592
977.96               0.015764
978.37               0.016637
978.78               0.017601
979.19               0.016465
979.6                0.015771
980.01               0.016832
980.42               0.015754
980.83               0.017491
981.24               0.018276
981.65               0.018422
982.06               0.018406
982.47               0.017153
982.88               0.017118
983.29               0.016923
983.7                0.017656
984.11               0.016627
984.52               0.015806
984.93               0.017306
985.34               0.016812
985.75               0.01617
986.16               0.016293
986.57               0.016193
986.98               0.016835
987.39               0.015888
987.8                0.016228
988.21               0.015566
988.62               0.01679
989.03               0.016066
989.44               0.016524
989.85               0.016764
990.26               0.017114
990.67               0.017471
991.08               0.016589
991.49               0.015586
991.9                0.015264
992.31               0.016313
992.72               0.017604
993.13               0.017338
993.54               0.017202
993.95               0.017397
994.36               0.017169
994.77               0.016296
995.18               0.016439
995.59               0.016894
996                  0.016984
996.41               0.016556
996.82               0.016274
997.23               0.017332
997.64               0.018659
998.05               0.01726
998.46               0.017257
998.87               0.017293
999.28               0.017124
999.69               0.017007
1000.1               0.017221
1000.51              0.016754
1000.92              0.017056
1001.33              0.016027
1001.74              0.01664
1002.15              0.01643
1002.56              0.016884
1002.97              0.019685
1003.38              0.017666
1003.79              0.018091
1004.2               0.017595
1004.61              0.017082
1005.02              0.017588
1005.43              0.01789
1005.84              0.016897
1006.25              0.016585
1006.66              0.016443
1007.07              0.017066
1007.48              0.017526
1007.89              0.017127
1008.3               0.017533
1008.71              0.016764
1009.12              0.016326
1009.53              0.017595
1009.94              0.017309
1010.35              0.017118
1010.76              0.016731
1011.17              0.016426
1011.58              0.016501
1011.99              0.016787
1012.4               0.017614
1012.81              0.017121
1013.22              0.016764
1013.63              0.016787
1014.04              0.015975
1014.45              0.01726
1014.86              0.016913
1015.27              0.017611
1015.68              0.017163
1016.09              0.017685
1016.5               0.017309
1016.91              0.016838
1017.32              0.016832
1017.73              0.016131
1018.14              0.016102
1018.55              0.016433
1018.96              0.015725
1019.37              0.017627
1019.78              0.017452
1020.19              0.016988
1020.6               0.017997
1021.01              0.016754
1021.42              0.016715
1021.83              0.016563
1022.24              0.015956
1022.65              0.016864
1023.06              0.016942
1023.47              0.017504
1023.88              0.017497
1024.29              0.016335
1024.7               0.017741
1025.11              0.016387
1025.52              0.016241
1025.93              0.017199
1026.34              0.016913
1026.75              0.017234
1027.16              0.017364
1027.57              0.015875
1027.98              0.015677
1028.39              0.016751
1028.8               0.016355
1029.21              0.016342
1029.62              0.017809
1030.03              0.017251
1030.44              0.017845
1030.85              0.018455
1031.26              0.017698
1031.67              0.018205
1032.08              0.018416
1032.49              0.01826
1032.9               0.01689
1033.31              0.01715
1033.72              0.017968
1034.13              0.017111
1034.54              0.01765
1034.95              0.017812
1035.36              0.016543
1035.77              0.016644
1036.18              0.017439
1036.59              0.018244
1037                 0.016611
1037.41              0.017264
1037.82              0.018091
1038.23              0.018403
1038.64              0.018101
1039.05              0.01653
1039.46              0.016173
1039.87              0.017027
1040.28              0.017737
1040.69              0.017585
1041.1               0.017286
1041.51              0.016404
1041.92              0.016851
1042.33              0.018017
1042.74              0.016887
1043.15              0.017354
1043.56              0.016352
1043.97              0.016394
1044.38              0.016095
1044.79              0.017358
1045.2               0.017118
1045.61              0.017458
1046.02              0.016222
1046.43              0.016855
1046.84              0.016861
1047.25              0.016589
1047.66              0.016842
1048.07              0.016767
1048.48              0.016842
1048.89              0.016446
1049.3               0.015667
1049.71              0.016098
1050.12              0.016241
1050.53              0.015703
1050.94              0.017134
1051.35              0.016115
1051.76              0.016485
1052.17              0.017195
1052.58              0.017611
1052.99              0.016683
1053.4               0.017812
1053.81              0.01802
1054.22              0.017929
1054.63              0.018633
1055.04              0.017809
1055.45              0.01776
1055.86              0.017611
1056.27              0.017108
1056.68              0.016874
1057.09              0.017478
1057.5               0.015346
1057.91              0.01677
1058.32              0.016322
1058.73              0.016842
1059.14              0.017546
1059.55              0.017169
1059.96              0.016608
1060.37              0.016605
1060.78              0.017481
1061.19              0.016501
1061.6               0.016498
1062.01              0.017442
1062.42              0.01666
1062.83              0.016793
1063.24              0.017403
1063.65              0.017059
1064.06              0.01679
1064.47              0.016511
1064.88              0.017744
1065.29              0.017471
1065.7               0.016585
1066.11              0.016855
1066.52              0.016157
1066.93              0.016154
1067.34              0.017043
1067.75              0.017101
1068.16              0.017049
1068.57              0.017929
1068.98              0.016825
1069.39              0.016004
1069.8               0.016731
1070.21              0.016225
1070.62              0.016803
1071.03              0.016215
1071.44              0.017387
1071.85              0.016806
1072.26              0.015586
1072.67              0.017812
1073.08              0.017653
1073.49              0.016566
1073.9               0.016047
1074.31              0.016939
1074.72              0.016511
1075.13              0.01665
1075.54              0.01641
1075.95              0.016929
1076.36              0.016407
1076.77              0.018192
1077.18              0.017909
1077.59              0.016615
1078                 0.017728
1078.41              0.017238
1078.82              0.01664
1079.23              0.016076
1079.64              0.016618
1080.05              0.016744
1080.46              0.016705
1080.87              0.017575
1081.28              0.017744
1081.69              0.017861
1082.1               0.017812
1082.51              0.015774
1082.92              0.016663
1083.33              0.017656
1083.74              0.018017
1084.15              0.017208
1084.56              0.016955
1084.97              0.016955
1085.38              0.016261
1085.79              0.01593
1086.2               0.017179
1086.61              0.016309
1087.02              0.017624
1087.43              0.016689
1087.84              0.018974
1088.25              0.0196
1088.66              0.019247
1089.07              0.018747
1089.48              0.017838
1089.89              0.01766
1090.3               0.0174
1090.71              0.016972
1091.12              0.018192
1091.53              0.018039
1091.94              0.018607
1092.35              0.021382
1092.76              0.045486
1093.17              0.035671
1093.58              0.027743
1093.99              0.023638
1094.4               0.021116
1094.81              0.019892
1095.22              0.022041
1095.63              0.066766
1096.04              0.04875
1096.45              0.036363
1096.86              0.051577
1097.27              0.054939
1097.68              0.038966
1098.09              0.030466
1098.5               0.023504
1098.91              0.020457
1099.32              0.074337
1099.73              0.107417
1100.14              0.068447
1100.55              0.045989
1100.96              0.03325
1101.37              0.02798
1101.78              0.023797
1102.19              0.020597
1102.6               0.019701
1103.01              0.017974
1103.42              0.017208
1103.83              0.017455
1104.24              0.017958
1104.65              0.017095
1105.06              0.017939
1105.47              0.01777
1105.88              0.017695
1106.29              0.017095
1106.7               0.01727
1107.11              0.018127
1107.52              0.01837
1107.93              0.0174
1108.34              0.016994
1108.75              0.016602
1109.16              0.017319
1109.57              0.017994
1109.98              0.016829
1110.39              0.016309
1110.8               0.017932
1111.21              0.018993
1111.62              0.018263
1112.03              0.017079
1112.44              0.018799
1112.85              0.019285
1113.26              0.018049
1113.67              0.017624
1114.08              0.018279
1114.49              0.017137
1114.9               0.017627
1115.31              0.017832
1115.72              0.01654
1116.13              0.017312
1116.54              0.017147
1116.95              0.016589
1117.36              0.016592
1117.77              0.0169
1118.18              0.017653
1118.59              0.018584
1119                 0.016433
1119.41              0.017244
1119.82              0.017215
1120.23              0.017484
1120.64              0.017832
1121.05              0.018669
1121.46              0.017994
1121.87              0.017744
1122.28              0.017845
1122.69              0.018094
1123.1               0.017186
1123.51              0.016741
1123.92              0.017001
1124.33              0.015161
1124.74              0.017786
1125.15              0.019208
1125.56              0.018575
1125.97              0.018143
1126.38              0.018724
1126.79              0.018393
1127.2               0.019724
1127.61              0.018221
1128.02              0.018516
1128.43              0.01875
1128.84              0.019318
1129.25              0.019529
1129.66              0.017825
1130.07              0.017656
1130.48              0.016968
1130.89              0.016861
1131.3               0.018864
1131.71              0.018633
1132.12              0.018536
1132.53              0.018182
1132.94              0.018017
1133.35              0.019639
1133.76              0.01874
1134.17              0.017974
1134.58              0.018425
1134.99              0.018698
1135.4               0.017789
1135.81              0.018948
1136.22              0.018984
1136.63              0.018377
1137.04              0.017098
1137.45              0.019208
1137.86              0.017679
1138.27              0.017958
1138.68              0.017556
1139.09              0.018474
1139.5               0.018279
1139.91              0.018695
1140.32              0.016556
1140.73              0.016809
1141.14              0.017504
1141.55              0.019334
1141.96              0.01776
1142.37              0.01876
1142.78              0.01887
1143.19              0.016848
1143.6               0.016397
1144.01              0.018
1144.42              0.018393
1144.83              0.017685
1145.24              0.017676
1145.65              0.017445
1146.06              0.017634
1146.47              0.017156
1146.88              0.018361
1147.29              0.017374
1147.7               0.018331
1148.11              0.016991
1148.52              0.018682
1148.93              0.017095
1149.34              0.017916
1149.75              0.018568
1150.16              0.018737
1150.57              0.01901
1150.98              0.019334
1151.39              0.017046
1151.8               0.017909
1152.21              0.01851
1152.62              0.018416
1153.03              0.018672
1153.44              0.018565
1153.85              0.018571
1154.26              0.027337
1154.67              0.030274
1155.08              0.025598
1155.49              0.021174
1155.9               0.020739
1156.31              0.018909
1156.72              0.01974
1157.13              0.019104
1157.54              0.018507
1157.95              0.01741
1158.36              0.028619
1158.77              0.036168
1159.18              0.028457
1159.59              0.024387
1160                 0.022628
1160.41              0.021476
1160.82              0.019691
1161.23              0.020473
1161.64              0.019247
1162.05              0.018078
1162.46              0.018458
1162.87              0.019042
1163.28              0.018643
1163.69              0.019097
1164.1               0.017945
1164.51              0.016413
1164.92              0.018643
1165.33              0.018331
1165.74              0.018776
1166.15              0.017965
1166.56              0.019321
1166.97              0.018438
1167.38              0.019367
1167.79              0.018938
1168.2               0.019753
1168.61              0.018546
1169.02              0.017621
1169.43              0.017786
1169.84              0.017036
1170.25              0.017582
1170.66              0.018195
1171.07              0.017053
1171.48              0.018562
1171.89              0.01815
1172.3               0.019143
1172.71              0.018374
1173.12              0.017737
1173.53              0.018318
1173.94              0.017715
1174.35              0.018176
1174.76              0.018468
1175.17              0.018098
1175.58              0.017552
1175.99              0.018088
1176.4               0.018072
1176.81              0.017822
1177.22              0.016686
1177.63              0.016683
1178.04              0.01655
1178.45              0.017504
1178.86              0.018046
1179.27              0.018062
1179.68              0.018584
1180.09              0.017627
1180.5               0.017536
1180.91              0.018627
1181.32              0.018614
1181.73              0.019
1182.14              0.018023
1182.55              0.017741
1182.96              0.017202
1183.37              0.01703
1183.78              0.0179
1184.19              0.018237
1184.6               0.018075
1185.01              0.019516
1185.42              0.018627
1185.83              0.01838
1186.24              0.017883
1186.65              0.018357
1187.06              0.019188
1187.47              0.019006
1187.88              0.018409
1188.29              0.018497
1188.7               0.017384
1189.11              0.018597
1189.52              0.017643
1189.93              0.017033
1190.34              0.017095
1190.75              0.017098
1191.16              0.017195
1191.57              0.017004
1191.98              0.01664
1192.39              0.017169
1192.8               0.017572
1193.21              0.018042
1193.62              0.017228
1194.03              0.016936
1194.44              0.017971
1194.85              0.016439
1195.26              0.017124
1195.67              0.017371
1196.08              0.017296
1196.49              0.018081
1196.9               0.017861
1197.31              0.018338
1197.72              0.01827
1198.13              0.017111
1198.54              0.017958
1198.95              0.018695
1199.36              0.016803
1199.77              0.017393
1200.18              0.018101
1200.59              0.018474
1201                 0.019026
1201.41              0.018325
1201.82              0.017919
1202.23              0.016611
1202.64              0.016725
1203.05              0.017121
1203.46              0.01627
1203.87              0.017429
1204.28              0.018584
1204.69              0.018617
1205.1               0.018753
1205.51              0.018409
1205.92              0.018172
1206.33              0.017552
1206.74              0.017682
1207.15              0.017731
1207.56              0.017874
1207.97              0.018367
1208.38              0.017913
1208.79              0.017767
1209.2               0.017893
1209.61              0.01874
1210.02              0.018208
1210.43              0.018594
1210.84              0.018338
1211.25              0.018039
1211.66              0.01653
1212.07              0.016864
1212.48              0.017017
1212.89              0.017043
1213.3               0.01778
1213.71              0.017536
1214.12              0.018299
1214.53              0.063816
1214.94              0.04815
1215.35              0.035499
1215.76              0.02885
1216.17              0.024773
1216.58              0.021132
1216.99              0.018575
1217.4               0.019204
1217.81              0.018309
1218.22              0.018227
1218.63              0.019419
1219.04              0.017144
1219.45              0.017442
1219.86              0.017604
1220.27              0.019113
1220.68              0.017429
1221.09              0.018338
1221.5               0.017682
1221.91              0.017046
1222.32              0.017702
1222.73              0.0195
1223.14              0.01764
1223.55              0.018675
1223.96              0.024322
1224.37              0.021775
1224.78              0.020986
1225.19              0.019169
1225.6               0.018685
1226.01              0.017987
1226.42              0.016368
1226.83              0.016624
1227.24              0.016365
1227.65              0.017328
1228.06              0.017932
1228.47              0.016942
1228.88              0.017653
1229.29              0.016894
1229.7               0.017845
1230.11              0.016644
1230.52              0.017062
1230.93              0.016744
1231.34              0.017634
1231.75              0.016443
1232.16              0.017552
1232.57              0.017851
1232.98              0.017552
1233.39              0.017974
1233.8               0.01751
1234.21              0.01716
1234.62              0.01801
1235.03              0.018023
1235.44              0.018695
1235.85              0.018364
1236.26              0.01714
1236.67              0.01665
1237.08              0.016232
1237.49              0.016222
1237.9               0.016378
1238.31              0.017202
1238.72              0.016157
1239.13              0.016361
1239.54              0.017449
1239.95              0.018205
1240.36              0.017718
1240.77              0.017841
1241.18              0.015884
1241.59              0.016621
1242                 0.01714
1242.41              0.01591
1242.82              0.016095
1243.23              0.01592
1243.64              0.017069
1244.05              0.016446
1244.46              0.01729
1244.87              0.018007
1245.28              0.01851
1245.69              0.0185
1246.1               0.017984
1246.51              0.017689
1246.92              0.017001
1247.33              0.017796
1247.74              0.016861
1248.15              0.017793
1248.56              0.017848
1248.97              0.017718
1249.38              0.017481
1249.79              0.018425
