# spikey boi UV passthrough
# Spectrum #00119	6:26:18 PM 4/26/2018
# Wide scan: start 400nm, end 800nm
# Monochromator settings: Grating: 1200 lines/mm; Slits: entrance 200um, exit 200um.
# DAQ device: PCI-6221; ADC bits: 16; Settling time: 10ms
# ADC input range: 10V max, -10V min. Sampling: 400 samples at 6.0006k/second.
# Wavelength (nm)    Signal (V)
400                  0.076305
400.4                0.076167
400.8                0.077208
401.2                0.078031
401.6                0.077729
402                  0.079062
402.4                0.080955
402.8                0.083272
403.2                0.091211
403.6                0.105208
404                  0.112707
404.4                4.826375
404.8                10.357762
405.2                0.120513
405.6                0.092502
406                  0.083808
406.4                0.081126
406.8                0.078533
407.2                0.076642
407.6                0.776381
408                  0.639442
408.4                0.073105
408.8                0.070039
409.2                0.06891
409.6                0.069443
410                  0.068355
410.4                0.066293
410.8                0.070654
411.2                0.06642
411.6                0.064692
412                  0.06442
412.4                0.063481
412.8                0.062809
413.2                0.061829
413.6                0.061609
414                  0.060894
414.4                0.059791
414.8                0.059053
415.2                0.058639
415.6                0.058596
416                  0.061376
416.4                0.061465
416.8                0.056887
417.2                0.05602
417.6                0.055012
418                  0.055076
418.4                0.055205
418.8                0.053744
419.2                0.054598
419.6                0.05401
420                  0.054747
420.4                0.052427
420.8                0.051443
421.2                0.050986
421.6                0.050426
422                  0.049464
422.4                0.049068
422.8                0.048894
423.2                0.04736
423.6                0.047258
424                  0.047129
424.4                0.046476
424.8                0.045884
425.2                0.045463
425.6                0.044687
426                  0.04558
426.4                0.044456
426.8                0.044782
427.2                0.043362
427.6                0.042885
428                  0.042123
428.4                0.042888
428.8                0.04248
429.2                0.04184
429.6                0.042496
430                  0.041366
430.4                0.041375
430.8                0.040544
431.2                0.041388
431.6                0.040879
432                  0.041488
432.4                0.043159
432.8                0.043435
433.2                0.045593
433.6                0.052119
434                  0.110043
434.4                0.083079
434.8                0.216343
435.2                0.15782
435.6                0.183611
436                  10.632169
436.4                0.554311
436.8                0.089347
437.2                0.066501
437.6                0.053953
438                  0.048746
438.4                0.043454
438.8                0.039637
439.2                0.037348
439.6                0.036093
440                  0.034719
440.4                0.03325
440.8                0.032262
441.2                0.03161
441.6                0.030569
442                  0.029663
442.4                0.029427
442.8                0.029444
443.2                0.02766
443.6                0.027446
444                  0.027156
444.4                0.027126
444.8                0.025807
445.2                0.026546
445.6                0.026797
446                  0.025392
446.4                0.025218
446.8                0.024545
447.2                0.023724
447.6                0.023109
448                  0.023375
448.4                0.023237
448.8                0.022653
449.2                0.023022
449.6                0.022312
450                  0.022266
450.4                0.022724
450.8                0.021713
451.2                0.022717
451.6                0.021655
452                  0.021416
452.4                0.021393
452.8                0.021233
453.2                0.020756
453.6                0.021668
454                  0.021655
454.4                0.021359
454.8                0.02045
455.2                0.024587
455.6                0.022133
456                  0.020328
456.4                0.019175
456.8                0.019547
457.2                0.020705
457.6                0.01975
458                  0.019116
458.4                0.01892
458.8                0.020144
459.2                0.019595
459.6                0.019989
460                  0.018835
460.4                0.020894
460.8                0.019245
461.2                0.019907
461.6                0.01846
462                  0.020066
462.4                0.01873
462.8                0.01847
463.2                0.01913
463.6                0.019333
464                  0.019057
464.4                0.019146
464.8                0.017571
465.2                0.017832
465.6                0.018609
466                  0.017828
466.4                0.01762
466.8                0.017217
467.2                0.018446
467.6                0.019293
468                  0.018212
468.4                0.01909
468.8                0.01824
469.2                0.019355
469.6                0.017904
470                  0.017978
470.4                0.0177
470.8                0.019043
471.2                0.018202
471.6                0.018466
472                  0.018802
472.4                0.01831
472.8                0.018307
473.2                0.018618
473.6                0.017154
474                  0.016994
474.4                0.017024
474.8                0.016936
475.2                0.017916
475.6                0.017906
476                  0.023439
476.4                0.017591
476.8                0.017503
477.2                0.017397
477.6                0.01729
478                  0.018541
478.4                0.019544
478.8                0.016791
479.2                0.01735
479.6                0.016628
480                  0.018567
480.4                0.017601
480.8                0.018319
481.2                0.016206
481.6                0.019143
482                  0.022052
482.4                0.022809
482.8                0.016863
483.2                0.01757
483.6                0.018763
484                  0.017733
484.4                0.017092
484.8                0.01761
485.2                0.016763
485.6                0.017023
486                  0.017935
486.4                0.016795
486.8                0.017032
487.2                0.018374
487.6                0.018297
488                  0.018336
488.4                0.018667
488.8                0.017131
489.2                0.01757
489.6                0.019284
490                  0.017539
490.4                0.019819
490.8                0.018369
491.2                0.019084
491.6                0.035565
492                  0.060598
492.4                0.020235
492.8                0.020814
493.2                0.023533
493.6                0.020793
494                  0.022431
494.4                0.024091
494.8                0.028369
495.2                0.025775
495.6                0.036347
496                  0.053902
496.4                0.125453
496.8                0.056279
497.2                0.028052
497.6                0.028719
498                  0.029915
498.4                0.027164
498.8                0.029517
499.2                0.03155
499.6                0.033255
500                  0.032906
500.4                0.033323
500.8                0.038948
501.2                0.039881
501.6                0.043786
502                  0.047496
502.4                0.049184
502.8                0.057962
503.2                0.060504
503.6                0.070258
504                  0.085332
504.4                0.121246
504.8                0.187902
505.2                0.270244
505.6                0.318447
506                  0.41118
506.4                0.639402
506.8                1.051459
507.2                10.632169
507.6                10.632169
508                  1.226268
508.4                0.655409
508.8                0.427261
509.2                0.303764
509.6                0.2303
510                  0.184068
510.4                0.153177
510.8                0.135692
511.2                0.120212
511.6                0.107211
512                  0.099815
512.4                0.085285
512.8                0.079505
513.2                0.073565
513.6                0.065919
514                  0.063434
514.4                0.05683
514.8                0.053692
515.2                0.05847
515.6                0.05243
516                  0.045191
516.4                0.041374
516.8                0.042316
517.2                0.039293
517.6                0.036785
518                  0.033669
518.4                0.031939
518.8                0.033018
519.2                0.029394
519.6                0.031517
520                  0.031598
520.4                0.028134
520.8                0.027464
521.2                0.02456
521.6                0.025044
522                  0.023918
522.4                0.022875
522.8                0.021164
523.2                0.021229
523.6                0.020467
524                  0.019791
524.4                0.020489
524.8                0.019846
525.2                0.017561
525.6                0.017724
526                  0.017763
526.4                0.016879
526.8                0.017156
527.2                0.016599
527.6                0.016511
528                  0.017507
528.4                0.01667
528.8                0.01504
529.2                0.015514
529.6                0.015308
530                  0.01518
530.4                0.058342
530.8                0.188542
531.2                0.093075
531.6                0.018378
532                  0.015603
532.4                0.013719
532.8                0.01887
533.2                0.016632
533.6                0.015046
534                  0.013127
534.4                0.013121
534.8                0.012237
535.2                0.013483
535.6                0.013023
536                  0.012658
536.4                0.012155
536.8                0.014186
537.2                0.012816
537.6                0.013476
538                  0.01258
538.4                0.012518
538.8                0.012954
539.2                0.012779
539.6                0.012929
540                  0.020754
540.4                0.01325
540.8                0.012731
541.2                0.013951
541.6                0.014813
542                  0.016124
542.4                0.018746
542.8                0.01847
543.2                0.019809
543.6                0.021178
544                  0.023915
544.4                0.029642
544.8                0.033033
545.2                0.039486
545.6                0.052103
546                  1.591959
546.4                10.632169
546.8                0.198764
547.2                0.043044
547.6                0.027977
548                  0.021178
548.4                0.018652
548.8                0.017116
549.2                0.016273
549.6                0.015202
550                  0.014195
550.4                0.013592
550.8                0.116188
551.2                0.012352
551.6                0.012955
552                  0.013882
552.4                0.012263
552.8                0.012178
553.2                0.011246
553.6                0.012174
554                  0.010969
554.4                0.010899
554.8                0.011039
555.2                0.010415
555.6                0.010595
556                  0.011358
556.4                0.010364
556.8                0.011154
557.2                0.010508
557.6                0.010664
558                  0.010082
558.4                0.010971
558.8                0.011565
559.2                0.011201
559.6                0.015984
560                  0.012658
560.4                0.011237
560.8                0.062335
561.2                0.022588
561.6                0.014218
562                  0.011103
562.4                0.02035
562.8                0.025118
563.2                0.016151
563.6                0.013792
564                  0.02736
564.4                0.052306
564.8                0.033791
565.2                0.037351
565.6                0.056764
566                  0.035695
566.4                0.016466
566.8                0.013035
567.2                0.01082
567.6                0.009471
568                  0.008744
568.4                0.008108
568.8                0.008319
569.2                0.008513
569.6                0.007936
570                  0.007567
570.4                0.007421
570.8                0.007652
571.2                0.007867
571.6                0.011196
572                  0.008026
572.4                0.00757
572.8                0.007164
573.2                0.00771
573.6                0.007858
574                  0.007997
574.4                0.007953
574.8                0.007916
575.2                0.00855
575.6                0.009032
576                  0.009564
576.4                0.010716
576.8                0.398691
577.2                3.060374
577.6                0.0207
578                  0.013393
578.4                0.012615
578.8                0.249172
579.2                4.346733
579.6                0.045335
580                  0.014826
580.4                0.011528
580.8                0.010197
581.2                0.009375
581.6                0.008295
582                  0.007773
582.4                0.007819
582.8                0.007282
583.2                0.007161
583.6                0.007237
584                  0.007273
584.4                0.007179
584.8                0.007135
585.2                0.019507
585.6                0.009144
586                  0.007191
586.4                0.007196
586.8                0.006791
587.2                0.006081
587.6                0.006722
588                  0.006425
588.4                0.006336
588.8                0.006658
589.2                0.006811
589.6                0.006447
590                  0.00628
590.4                0.006807
590.8                0.00683
591.2                0.0065
591.6                0.007104
592                  0.006972
592.4                0.0082
592.8                0.008893
593.2                0.011412
593.6                2.042529
594                  0.743498
594.4                0.013557
594.8                0.009394
595.2                0.008053
595.6                0.007458
596                  0.007344
596.4                0.006969
596.8                0.006166
597.2                0.005927
597.6                0.005901
598                  0.005986
598.4                0.006326
598.8                0.006161
599.2                0.005553
599.6                0.005553
600                  0.005187
600.4                0.005954
600.8                0.005594
601.2                0.005241
601.6                0.00538
602                  0.005196
602.4                0.005745
602.8                0.004979
603.2                0.005586
603.6                0.005436
604                  0.005888
604.4                0.291319
604.8                0.095437
605.2                0.015014
605.6                0.014589
606                  0.006396
606.4                0.005114
606.8                0.005008
607.2                0.00502
607.6                0.005114
608                  0.004581
608.4                0.005028
608.8                0.004225
609.2                0.004847
609.6                0.004335
610                  0.004682
610.4                0.004451
610.8                0.00504
611.2                0.006854
611.6                0.004771
612                  0.004284
612.4                0.00574
612.8                0.004784
613.2                0.004568
613.6                0.00466
614                  0.005261
614.4                0.004278
614.8                0.004553
615.2                0.004146
615.6                0.0045
616                  0.004517
616.4                0.004066
616.8                0.004617
617.2                0.004602
617.6                0.004553
618                  0.004379
618.4                0.004669
618.8                0.004546
619.2                0.00428
619.6                0.004425
620                  0.004452
620.4                0.004524
620.8                0.004668
621.2                0.004803
621.6                0.004692
622                  0.00454
622.4                0.005399
622.8                0.005427
623.2                0.005951
623.6                0.008074
624                  0.007271
624.4                0.009136
624.8                0.013586
625.2                3.552208
625.6                0.064034
626                  0.022867
626.4                5.796953
626.8                0.159962
627.2                0.015823
627.6                0.011101
628                  0.012395
628.4                0.00726
628.8                0.006972
629.2                0.006427
629.6                0.006001
630                  0.009394
630.4                0.004994
630.8                0.00503
631.2                0.004594
631.6                0.004253
632                  0.003825
632.4                0.00483
632.8                0.004577
633.2                0.004065
633.6                0.004103
634                  0.003863
634.4                0.00369
634.8                0.003919
635.2                0.003897
635.6                0.003579
636                  0.004007
636.4                0.003856
636.8                0.003953
637.2                0.00408
637.6                0.004211
638                  0.003989
638.4                0.00355
638.8                0.006267
639.2                0.003034
639.6                0.003527
640                  0.003868
640.4                0.003952
640.8                0.006493
641.2                0.003435
641.6                0.00367
642                  0.003962
642.4                0.003581
642.8                0.003422
643.2                0.00415
643.6                0.003381
644                  0.003408
644.4                0.003483
644.8                0.003146
645.2                0.003355
645.6                0.00312
646                  0.003506
646.4                0.003942
646.8                0.003591
647.2                0.003416
647.6                0.003282
648                  0.003231
648.4                0.003227
648.8                0.002971
649.2                0.003056
649.6                0.002837
650                  0.003275
650.4                0.002831
650.8                0.002998
651.2                0.003123
651.6                0.002972
652                  0.003131
652.4                0.002811
652.8                0.00259
653.2                0.002728
653.6                0.002901
654                  0.002831
654.4                0.002626
654.8                0.00288
655.2                0.002938
655.6                0.002605
656                  0.002424
656.4                0.002917
656.8                0.00302
657.2                0.002757
657.6                0.003553
658                  0.002852
658.4                0.003028
658.8                0.002335
659.2                0.002723
659.6                0.002983
660                  0.002709
660.4                0.002886
660.8                0.002827
661.2                0.002824
661.6                0.002692
662                  0.002512
662.4                0.002314
662.8                0.002603
663.2                0.002637
663.6                0.002917
664                  0.00249
664.4                0.003032
664.8                0.00296
665.2                0.003124
665.6                0.002321
666                  0.002407
666.4                0.002583
666.8                0.00257
667.2                0.003192
667.6                0.002837
668                  0.00355
668.4                0.206081
668.8                0.004393
669.2                0.002693
669.6                0.002788
670                  0.003257
670.4                0.002405
670.8                0.002757
671.2                0.002577
671.6                0.00354
672                  0.002971
672.4                0.002519
672.8                0.002539
673.2                0.003009
673.6                0.002426
674                  0.002098
674.4                0.002233
674.8                0.002598
675.2                0.00254
675.6                0.002896
676                  0.002182
676.4                0.002218
676.8                0.002154
677.2                0.002512
677.6                0.002333
678                  0.002297
678.4                0.002332
678.8                0.002325
679.2                0.002354
679.6                0.00244
680                  0.001769
680.4                0.002433
680.8                0.002537
681.2                0.002274
681.6                0.00215
682                  0.002164
682.4                0.001983
682.8                0.002078
683.2                0.001983
683.6                0.002129
684                  0.002672
684.4                0.002607
684.8                0.00232
685.2                0.002299
685.6                0.001967
686                  0.001826
686.4                0.002243
686.8                0.001931
687.2                0.001826
687.6                0.002266
688                  0.002343
688.4                0.001731
688.8                0.002674
689.2                0.001562
689.6                0.002338
690                  0.001687
690.4                0.001996
690.8                0.007548
691.2                0.008633
691.6                0.00213
692                  0.002261
692.4                0.002434
692.8                0.001889
693.2                0.001747
693.6                0.001916
694                  0.002558
694.4                0.001965
694.8                0.002026
695.2                0.002121
695.6                0.002027
696                  0.001811
696.4                0.002558
696.8                0.107164
697.2                0.003541
697.6                0.002444
698                  0.001982
698.4                0.002392
698.8                0.002104
699.2                0.002053
699.6                0.001362
700                  0.002793
700.4                0.001646
700.8                0.002105
701.2                0.00234
701.6                0.001814
702                  0.002306
702.4                0.002121
702.8                0.001927
703.2                0.002048
703.6                0.002239
704                  0.002157
704.4                0.00211
704.8                0.002259
705.2                0.001854
705.6                0.001836
706                  0.002013
706.4                0.002198
706.8                0.008036
707.2                0.010469
707.6                0.001665
708                  0.002663
708.4                0.003643
708.8                0.001817
709.2                0.003111
709.6                0.002524
710                  0.00223
710.4                0.002793
710.8                0.002322
711.2                0.002327
711.6                0.002538
712                  0.003108
712.4                0.002252
712.8                0.002359
713.2                0.002302
713.6                0.002382
714                  0.002451
714.4                0.002362
714.8                0.004091
715.2                0.003139
715.6                0.002482
716                  0.002665
716.4                0.00303
716.8                0.003095
717.2                0.002753
717.6                0.002524
718                  0.002108
718.4                0.002563
718.8                0.002752
719.2                0.002682
719.6                0.002607
720                  0.002658
720.4                0.002291
720.8                0.00274
721.2                0.002461
721.6                0.002754
722                  0.002779
722.4                0.002483
722.8                0.002783
723.2                0.002929
723.6                0.002873
724                  0.00234
724.4                0.003256
724.8                0.003179
725.2                0.003475
725.6                0.002981
726                  0.003319
726.4                0.003304
726.8                0.003643
727.2                0.004788
727.6                0.016237
728                  0.003919
728.4                0.004463
728.8                0.004465
729.2                0.006179
729.6                0.007738
730                  1.126809
730.4                1.514125
730.8                0.025724
731.2                0.654007
731.6                0.010774
732                  0.00714
732.4                0.0076
732.8                0.516945
733.2                0.008585
733.6                0.005338
734                  0.004749
734.4                0.004297
734.8                0.00394
735.2                0.003955
735.6                0.004135
736                  0.003872
736.4                0.004091
736.8                0.004244
737.2                0.003958
737.6                0.00346
738                  0.003291
738.4                0.010723
738.8                0.014282
739.2                0.003818
739.6                0.003855
740                  0.003596
740.4                0.004198
740.8                0.003768
741.2                0.004283
741.6                0.003906
742                  0.003988
742.4                0.004379
742.8                0.004435
743.2                0.003824
743.6                0.004079
744                  0.003824
744.4                0.004099
744.8                0.004809
745.2                0.003906
745.6                0.004001
746                  0.004108
746.4                0.003919
746.8                0.003747
747.2                0.004142
747.6                0.004253
748                  0.003981
748.4                0.004292
748.8                0.004057
749.2                0.004501
749.6                0.004212
750                  0.004301
750.4                0.004775
750.8                0.033433
751.2                0.004317
751.6                0.00754
752                  0.012451
752.4                0.00413
752.8                0.004146
753.2                0.004067
753.6                0.0041
754                  0.004198
754.4                0.004555
754.8                0.004698
755.2                0.004485
755.6                0.005035
756                  0.004057
756.4                0.004029
756.8                0.005174
757.2                0.005291
757.6                0.006096
758                  0.006738
758.4                0.00671
758.8                0.007111
759.2                0.008432
759.6                0.009558
760                  0.012166
760.4                0.016972
760.8                0.030295
761.2                7.326434
761.6                0.154483
762                  0.021216
762.4                0.01416
762.8                0.010811
763.2                0.008311
763.6                0.054357
764                  0.045842
764.4                0.006121
764.8                0.00596
765.2                0.005797
765.6                0.005291
766                  0.005295
766.4                0.004976
766.8                0.00503
767.2                0.005079
767.6                0.005213
768                  0.005074
768.4                0.005084
768.8                0.004757
769.2                0.004772
769.6                0.004735
770                  0.004824
770.4                0.004549
770.8                0.00444
771.2                0.004597
771.6                0.004246
772                  0.004142
772.4                0.016301
772.8                0.027194
773.2                0.004854
773.6                0.004654
774                  0.004779
774.4                0.003803
774.8                0.004043
775.2                0.004405
775.6                0.004568
776                  0.004284
776.4                0.003738
776.8                0.004155
777.2                0.003766
777.6                0.004165
778                  0.004117
778.4                0.004054
778.8                0.003889
779.2                0.003815
779.6                0.004145
780                  0.003705
780.4                0.004287
780.8                0.004122
781.2                0.003893
781.6                0.005054
782                  0.003975
782.4                0.003945
782.8                0.003723
783.2                0.003876
783.6                0.003447
784                  0.003811
784.4                0.003815
784.8                0.004026
785.2                0.004093
785.6                0.003561
786                  0.003532
786.4                0.004191
786.8                0.003606
787.2                0.004233
787.6                0.003685
788                  0.003997
788.4                0.003326
788.8                0.003353
789.2                0.003381
789.6                0.003725
790                  0.003664
790.4                0.003758
790.8                0.003351
791.2                0.003834
791.6                0.003567
792                  0.003809
792.4                0.003649
792.8                0.003949
793.2                0.003213
793.6                0.003387
794                  0.003671
794.4                0.003273
794.8                0.003865
795.2                0.021094
795.6                0.003498
796                  0.010749
796.4                0.006173
796.8                0.004401
797.2                0.003945
797.6                0.003159
798                  0.003344
798.4                0.003621
798.8                0.002901
799.2                0.003299
799.6                0.003794
800                  0.0032
