0	0.	0.01070846443115159	0.4082482904638631
1	-0.0059765336532009135	0.010941629801864436	0.3535533905932738
2	0.0067403612833647885	0.011169929049410169	0.33333333333333337
3	0.008987148377819719	0.011393654690952609	0.32274861218395146
4	-0.0014829594642910542	0.011393654690952609	0.32274861218395146
5	0.024714658039004227	0.012851137418584044	0.3015113445777637
6	0.015727509661184507	0.012039913785409515	0.3086066999241839
7	0.011233935472274649	0.011613071060855334	0.316227766016838
8	0.004493574188909859	0.010941629801864436	0.3535533905932738
9	0.008987148377819719	0.011393654690952609	0.32274861218395146
10	0.017974296755639437	0.01224775800740296	0.3061862178478973
11	0.0067403612833647885	0.011169929049410169	0.33333333333333337
12	0.	0.01070846443115159	0.4082482904638631
13	0.0067403612833647885	0.011169929049410169	0.33333333333333337
14	0.017974296755639437	0.01224775800740296	0.3061862178478973
15	0.026961445133459154	0.013046063973441959	0.30046260628866583
16	0.020221083850094367	0.012452133490117768	0.3042903097250923
17	0.008987148377819719	0.011393654690952609	0.32274861218395146
18	0.0067403612833647885	0.011169929049410169	0.33333333333333337
19	0.011233935472274649	0.011613071060855334	0.316227766016838
20	0.022467870944549297	0.012653208316609736	0.3027650354097492
21	0.033701806416823944	0.013614108194904575	0.29814239699997197
22	0.033701806416823944	0.013614108194904575	0.29814239699997197
23	0.05019314370817232	0.01568185476645791	0.2939723678960657
24	0.0831311224948324	0.017216303069891945	0.2925501420023337
25	0.09139913903852492	0.021717479799491474	0.20816659994661327
26	0.15803892424200894	0.022095861078743263	0.2905932629027116
27	0.1109904826465655	0.03975983649418067	0.0959238702768445
28	0.16185806239282832	0.03409610203723439	0.121335164821342
29	0.2541104206535905	0.05067682838073562	0.0775301809732741
30	0.24395318338373662	0.07399026649482542	0.05048576192703328
31	0.2963484183903272	0.07297935290884507	0.051608509537271044
32	0.8700429551064982	0.08214683617553133	0.04964841351911423
33	0.6681002913817746	0.09322570047052721	0.0411703899901483
34	0.9078360735479016	0.05690377603069746	0.09719107622679787
35	0.9370443057758158	0.05747751217453048	0.09716384802168959
36	1.7604897763447775	0.09210023125432908	0.050392902799855116
37	3.804923946715573	0.1587207034201666	0.026519438328441364
38	4.749740616181138	0.17619076852391383	0.0239612179428549
39	3.7940475776115923	0.16841424845338465	0.024377326395543332
40	3.7531137561549994	0.15452355766696552	0.027496929661245822
41	1.5860449073059537	0.12361417488456934	0.03196312160301125
42	0.9589718280703846	0.07222875147415332	0.06147555072655253
43	1.024803089847668	0.06855045632141854	0.06916610887771518
44	1.1453657653180704	0.06954779984867915	0.07101720582661328
45	1.0714005743852044	0.07917373026576871	0.05486099521274521
46	0.9808993503649536	0.08444122614728371	0.04887830393932617
47	1.1216384138894138	0.08315011929792163	0.051506006018050395
48	0.7553227259011867	0.072746308570088	0.057155882754635165
49	0.6902105959580304	0.07446592577503895	0.05444452053746833
50	0.8083923969458675	0.0669270560593111	0.06595927122017786
51	0.7330336381407841	0.08270256170566204	0.04796659391183403
52	0.6851766731191402	0.08601119466849419	0.04535788891416632
53	0.8513495265167316	0.08350088060822022	0.04840312543693447
54	0.7189231753320009	0.0887309900664044	0.04390509017021275
55	0.7675886637798455	0.08859673994087866	0.04428853462039371
56	0.8044351723093981	0.0962478114141717	0.04028301104109288
57	0.8403390700246405	0.09457731140097657	0.0413100376083444
58	0.5328421086565718	0.1051193612847165	0.0356273847996322
59	0.8868471629701034	0.09856519630106789	0.039523346169111524
60	0.8269924348460209	0.10056443773415776	0.03835264253529912
61	0.7910885371307788	0.102137062357246	0.037540348229013656
62	0.5995712854521291	0.10892998979696909	0.03443959808818376
63	0.9925802437975952	0.10559821492786671	0.036800852663670225
64	0.8802408890748488	0.1043962661380256	0.03690734759703786
65	0.8062756981419827	0.1110412692829393	0.03419764083789648
66	1.043581910931968	0.10923053231802134	0.03551864403484562
67	0.9808059596753401	0.11396749688387693	0.03363304456538603
68	0.9366340454164054	0.11411613698546227	0.033474724801941955
69	0.7473188850361742	0.1185822994244369	0.03169933122423305
70	0.8463116045803014	0.12442870510508124	0.030245702847422874
71	1.0429074748938776	0.11222980969112022	0.03440213149366447
72	1.1694019882214441	0.11051696754958318	0.035422583648423024
73	0.9606295716212826	0.11551060592816502	0.03307285282242211
74	1.0169780321668025	0.12274799473991228	0.03099432445058528
75	1.2473651004892763	0.11425805414873694	0.034255297510911734
76	0.9524062508736267	0.11600591059237055	0.03289404464523796
77	0.8770474920685432	0.12576905093176835	0.029941946271412397
78	1.151517083057878	0.11389776165783234	0.03411019560670038
79	1.05580315301459	0.11869761540111037	0.03227486121839514
80	0.837413847794555	0.12752017431538928	0.02944035180195541
81	0.8966835314726203	0.13163051336079343	0.02852655325962489
82	0.9886677149571623	0.12780819837298915	0.029586914443880584
83	1.0731030137321391	0.1216294755095127	0.03142502056864517
84	0.987859191530962	0.1257001588930549	0.030134169065877753
85	0.9887124107531993	0.1293618095787739	0.029196409949513502
86	0.9099854708552033	0.1255337067744373	0.030053676101965923
87	0.9835890963222356	0.13337220427049903	0.028231634952321897
88	1.0124844579778927	0.12270686251458765	0.030997651003435087
89	0.7155023002479717	0.13210641710819185	0.028208799922508392
90	1.0693732671733933	0.12214129779762456	0.03126818107925417
91	0.7280851077964272	0.12707833692942747	0.029405547950923285
92	0.6600070589246889	0.12908014232306056	0.02884448392772672
93	0.6242372485975567	0.13482983027045276	0.027526619390252333
94	0.45276229758485487	0.1343879084836383	0.027485803657039936
95	0.9001451032551462	0.12167403788723152	0.031085784465043315
96	0.556833635763909	0.13426705315647924	0.02758941935919019
97	0.44530280446736303	0.13531313526980465	0.02728871681793756
98	0.573235581463184	0.13190434767752246	0.028115037540609504
99	0.7863674848641453	0.12280686648862628	0.030585249980012746
100	0.6958662608438944	0.12626704861449517	0.02956528307461059
101	0.6053650368236434	0.1296349053105501	0.028657834234880965
102	0.49163211422867925	0.13221840205505714	0.027977234142899227
103	0.38073102317418717	0.1292282695707096	0.028554884016210896
104	0.8317988796071877	0.11366660760444218	0.033378132479834045
105	0.5641590414932909	0.12876133082160285	0.028818830944957675
106	0.5229530461629381	0.12788178898899252	0.02898394720663149
107	0.47060250695238426	0.130007183440579	0.028449167925878528
108	0.6006926794505869	0.12327588468876305	0.030200954523308215
109	0.673130215123125	0.11617070976138301	0.03227735492990889
110	0.39565000940917106	0.12728266337708588	0.0290117024605812
111	0.6186669762062262	0.12343957292448673	0.030181636371957518
112	0.44804524441576166	0.12669768273880558	0.02919327546776748
113	0.3964585328353716	0.12936491804958042	0.028535577794257368
114	0.41667961668546605	0.12954039714392163	0.028511273641446306
115	0.5745397577433282	0.12518295708455518	0.029688356746813437
116	0.3357058896930152	0.12569765391204632	0.029338324570079972
117	0.34639947651530933	0.13299619570309232	0.027710555031368524
118	0.4988234325699512	0.12179867805186276	0.030459316156390068
119	0.6073883449379149	0.12170680217800077	0.030619326364687605
120	0.5767418490417464	0.12359724345848405	0.030089162081963543
121	0.9021684113694176	0.11318970146308885	0.0337013551407092
122	0.7217510077749328	0.11433409522231414	0.03293041720556484
123	0.7007660962946746	0.11354289691834728	0.03313751054430113
124	0.6776684851080715	0.11792061786263132	0.03177162306961209
125	0.6259029903435346	0.11397404311120088	0.03285858738297696
126	0.8841494188177415	0.11122941109785256	0.03432870128566463
127	0.822811731229368	0.11357775079350267	0.03338689116432814
128	0.8564688418501551	0.11214314090876229	0.03394389973047392
129	0.9881760612007586	0.10927017572854701	0.03533256455811172
130	0.7097085488764575	0.11185990990277106	0.03369939008803486
131	1.0157672465762717	0.10457908362454169	0.037315232251581565
132	0.8983045774225615	0.10834227805356125	0.035414193821519335
133	0.8700389560089582	0.11578193632281594	0.032783306867137825
134	0.863928334967647	0.11102499458655607	0.03434798783072397
135	0.8744878344018313	0.11408773236860574	0.033337732082555215
136	0.8765558383121395	0.10687792056676601	0.03590667253945128
137	0.9403190961791146	0.11179527360031961	0.03427740412068063
138	1.1326895670800015	0.1095370615861417	0.03568626233425672
139	0.9663826262942998	0.10594937370481572	0.036565660619650164
140	0.9671911497205004	0.1084420371168524	0.03558367125242691
141	1.0659156944884072	0.1038420102584669	0.03783197413823084
142	1.0966515819766491	0.10544436738237853	0.03724786111060154
143	0.9911866759253776	0.10990852003125068	0.03510196830254772
144	1.0680283941947522	0.09792642405566793	0.04071653466033019
145	1.083126163613883	0.10338609235790636	0.03810735834376754
146	1.0971472348305928	0.09410698590041434	0.043048255593147844
147	1.080879376519428	0.10336167588032681	0.03810920006678813
148	0.8952492669019061	0.1058234167657484	0.036379530086846565
149	1.0381904217247842	0.1028966619870701	0.03814510691735154
150	1.0598050734470963	0.09851018088910271	0.04036855681864761
151	1.0680283941947522	0.09792642405566793	0.04071653466033019
152	1.0065119234222317	0.09230026698706748	0.04356589464965059
153	0.9812122209372105	0.09963491414296513	0.03942905703850297
154	1.0679390026026787	0.09375766697203629	0.04307353063643426
155	1.0544582800359492	0.09359600313342663	0.04308551068934001
156	0.9458486718719488	0.09155895300402409	0.043626345007614434
157	0.6219050690085686	0.10352582567267468	0.03645098201514083
158	0.9309743814330014	0.09634133765530836	0.04084525678298932
159	0.8365646276698577	0.09311333384999451	0.04207848559492724
160	0.9032938044654151	0.09739484329738185	0.04017196211609696
161	0.7175743032558197	0.09592513009539198	0.040055442158884104
162	0.9502528544687852	0.08714386706703732	0.046564389467303804
163	0.7976501152299966	0.09406888347976135	0.041361268211141895
164	0.836519931873821	0.09094256833031994	0.04331203227965511
165	0.8477091715500591	0.08886083946040767	0.04465217401855429
166	0.7257082324114024	0.09103776667435007	0.042620966232476805
167	0.9233361051313627	0.08906749770016771	0.045046873134777954
168	0.7714078019306647	0.09232388328852977	0.04215943304204894
169	0.7443569652051323	0.0875444937515154	0.044787136413736835
170	0.7719928463766818	0.0840261508124469	0.04733461775208341
171	0.7421548739067141	0.08976932961823278	0.043434229478755096
172	0.9179446159241788	0.08117532263054107	0.05097011635607137
173	0.7069254122295623	0.08782417046269686	0.04437481418085468
174	0.7084530674898901	0.08934658223116196	0.04348239193714569
175	0.47568512468485125	0.09376195582707818	0.040120722105317475
176	0.8228604261229445	0.0814990404633428	0.04970784390969543
177	0.7704204953203174	0.07994451185216843	0.0504543631714252
178	0.737527212329694	0.08276357784179256	0.04795988771424089
179	0.7592312556440793	0.08225221529045933	0.04852622748447461
180	0.7584227322178788	0.07893681837126436	0.0511760798112266
181	0.6432515459546604	0.08623732390941699	0.04494288157806556
182	0.4846275772666344	0.09171670711143404	0.04113034387733586
183	0.7854288731473748	0.08179938953132418	0.04911104410694161
184	0.6970850446295053	0.08221280238937174	0.04802217019793123
185	0.494963597720635	0.0842834775427681	0.04522886579900336
186	0.6184921921196196	0.08355719750079095	0.046487154193438754
187	0.7681737082258625	0.07991293339024473	0.05045759489514484
188	0.6498578198499151	0.07907840143404694	0.04997162660385192
189	0.6857170217691205	0.07439810479466524	0.054452214788571957
190	0.562367210554283	0.08517714572663593	0.04508892626955878
191	0.6984339167056862	0.07369194590360854	0.055320965801898124
192	0.5763882817709929	0.07363821600473366	0.053814364642230945
193	0.5172973812770741	0.07717226503572079	0.050241367908534076
194	0.6325579591323661	0.07449018836434128	0.05370093291904141
195	0.7455270540971664	0.06882897337584754	0.06174960539521923
196	0.607079473463198	0.07320106671602995	0.05459880777359615
197	0.5472694411351521	0.07846047788173055	0.04952345671570963
198	0.512848502884201	0.07965553711069641	0.04837358958432238
199	0.6655406337150628	0.07674104334027082	0.05206186426202688
200	0.5083549286952911	0.07959213835485207	0.048383886809197224
201	0.59575614639885	0.06733551436526186	0.06077224322594834
202	0.6721022118142809	0.06562136134761516	0.0646387005507698
203	0.6699448163118993	0.0714156805271623	0.05729712587547098
204	0.7080508053255598	0.06623391805622879	0.06457576630407423
205	0.657183225579297	0.06931978307085007	0.05947337483772405
206	0.4880891490491601	0.07674590420030253	0.05031167887543638
207	0.7942819341370843	0.07424759739043205	0.05611030907712433
208	0.7641310910948595	0.06094299627507024	0.07588680773412386
209	0.6234367233664363	0.06580250249897	0.0633022672065766
210	0.7379334735915644	0.06154945643524393	0.07358747038851327
211	0.6092368689655795	0.06756004594670759	0.06074374640248159
212	0.7028380993025227	0.06812866198058459	0.06181909983338322
213	0.7634119592607325	0.06307715578293276	0.07142021437510616
214	0.7080508053255598	0.06623391805622879	0.06457576630407423
215	0.6668895057912438	0.06753329362099708	0.06188262302827676
216	0.6811340559881373	0.06874516332260136	0.060605490139702935
217	0.5598075528875711	0.06673307020413072	0.06085279353294566
218	0.8053370864252121	0.0627676441720435	0.0734900610185775
219	0.5456970900787876	0.0740727854502243	0.05307307886942562
220	0.6436578072165307	0.0661468200698812	0.06326217902635366
221	0.7140720347747973	0.06831365049903129	0.061800217128822874
222	0.5440800432263866	0.0664677838741053	0.06089028755593186
223	0.5344631546065131	0.07390221433161467	0.05309894798719759
224	0.6503534727038587	0.06317439161523479	0.06787063773144164
225	0.6811340559881373	0.06874516332260136	0.060605490139702935
226	0.630177084649801	0.06591747485963324	0.06328869798522924
227	0.5665479141709359	0.06684644205649891	0.060837159295614326
228	0.7978328975116835	0.06156110443047918	0.07583952786593615
229	0.5777371538471738	0.06398550516098388	0.06483051559483025
230	0.5995305887536326	0.06934584620589142	0.05847995244039286
231	0.5449332624486238	0.0731567777098642	0.053884168859612204
232	0.6435684156244572	0.05980231929504074	0.07375075316140456
233	0.5867243022249935	0.06414309845725828	0.0648103405711503
234	0.6181346257513258	0.061526153829255754	0.06972629279062635
235	0.6631150634364612	0.06546732663033557	0.06465522464138412
236	0.632423871744256	0.06595575444279439	0.06328422138865009
237	0.524622787006456	0.06713715247438609	0.059761430466719695
238	0.8015179482743927	0.057144204059430985	0.08820434196665518
239	0.6683277694594982	0.063493213605373	0.06783696910147763
240	0.6668001141991704	0.06133238406428182	0.07157927067236355
241	0.6840999749167194	0.06683013351638468	0.06318725340311124
242	0.7499312366940027	0.06283660770743048	0.07144043959703891
243	0.6878297214754654	0.06589005562942671	0.0646105610199809
244	0.7723544118425154	0.059994812980040085	0.07846100900215373
245	0.7379781693876009	0.0647138145500604	0.06771857234303146
246	0.6443769390506577	0.06411492040606535	0.06622661785325219
247	0.7146570792208145	0.056599023307702084	0.0846596766101279
248	0.6922339040723018	0.05960294559040962	0.07600009282459755
249	0.6728213436484081	0.06357266927251946	0.06782876635014902
250	0.6907062488119742	0.05729558695156529	0.08146597870042888
251	0.6300876930577277	0.05954854389134252	0.07377719917000708
252	0.6472981621832032	0.05874989428158271	0.07608107668580283
253	0.7431461796146013	0.05944537749302687	0.07850362197261133
254	0.7341590312367816	0.05927529583475083	0.07851729737067216
255	0.7506056727320933	0.057308099561499605	0.08460567154818678
256	0.5881625658932479	0.05987469838199811	0.07173799593626147
257	0.7057146266390313	0.05985649034599493	0.07597742720337695
258	0.641366324326039	0.06301437571668714	0.06788800565319097
259	0.650308776907822	0.05992880400783441	0.07373785365923709
260	0.7423376561884008	0.054766296932313885	0.09248987327175304
261	0.7730735436766425	0.057746850977597415	0.08457409637576851
262	0.6420407603641296	0.057502961264069265	0.07867526839143624
263	0.7827351280925527	0.05187166870260992	0.11010669627424777
264	0.6000709374036131	0.05427705569342845	0.08486720438697719
265	0.7303398930859621	0.053284553099137946	0.09739776980311121
266	0.5440353474303499	0.06339104106251257	0.06491033821718736
267	0.7386079096296547	0.05589377957024583	0.08828961332666267
268	0.6323344801521826	0.059590914843010725	0.07377273026218482
269	0.6801914451738266	0.05470708579520746	0.08838078112451497
270	0.5553139786986612	0.06665738184457756	0.06086335924771771
271	0.6600150571197689	0.05785304635124692	0.07864163801114188
272	0.6592065336935683	0.05303366239012191	0.09261982170436857
273	0.7034678395445764	0.05981430752163211	0.07598115595555471
274	0.7101635050319046	0.056509763182039485	0.08466675133346035
275	0.7453035751169829	0.052342301680811096	0.10316250412992076
276	0.7063890626771219	0.054023869203468064	0.09254282031510833
277	0.7745565031409336	0.0566116898759627	0.08823942025078864
278	0.651072604537986	0.06104363168483593	0.07160863339013653
279	0.7557736829590936	0.0512844361090147	0.11013899171706247
280	0.7011316608580481	0.05266515849927095	0.0974405672996679
281	0.7483141898416016	0.05366216560070349	0.09737289911202954
282	0.7670076184313682	0.05152992963568509	0.11012528458101206
283	0.6614533207880232	0.05308123396038604	0.09261594144622554
284	0.7865542662433722	0.058008508956149694	0.08455589252112351
285	0.6503534727038587	0.06317439161523479	0.06787063773144164
286	0.7610310847781674	0.05267877097066431	0.10314212462587934
287	0.6960083464270845	0.06186506295341572	0.0715275142277247
288	0.4824294850657561	0.046358326460856636	0.10366944823502484
289	0.5460139597485846	0.04032640453057103	0.16763660696006286
290	0.47865504271097337	0.04329341221334489	0.11930913776824603
291	0.5018420454896498	0.04074458585961514	0.1455255508507466
292	0.4577148270267518	0.045755500844439016	0.10374221962528121
293	0.495865511836449	0.042188156390065186	0.13041547730737896
294	0.4419426215695306	0.040726984735494194	0.13055824196677338
295	0.5655159117645517	0.044003751649997806	0.13026778945578593
296	0.44796385101876823	0.04402851608979965	0.1107427528421646
297	0.44949150627909595	0.04699188300120243	0.09799801975723361
298	0.4741167727260268	0.03827115402536699	0.16777409856157227
299	0.4801380021752645	0.04176726198660781	0.130454145610217
300	0.4195641422170548	0.04906415367106947	0.08902751053342997
301	0.4082408151527067	0.039786511557662836	0.13066434376564756
302	0.508537710976978	0.03571726791720443	0.28929929777668617
303	0.45169359757751426	0.04258806069899038	0.11938504892913412
304	0.6464896387570026	0.05401059574275265	0.08843968915616335
305	0.748269494045565	0.04980045994578471	0.11882646652757956
306	0.6614533207880232	0.05308123396038604	0.09261594144622554
307	0.742292960392364	0.05098828368883145	0.1101559363636318
308	0.5513607531597317	0.05069775970015429	0.09283706943450562
309	0.7647161355408766	0.04744200027259843	0.1451394488415464
310	0.7026146203223391	0.0514179302630577	0.10322190612831128
311	0.7018507926921753	0.05008932154733371	0.11021028898647219
312	0.6966380866691383	0.052569219275710316	0.09744743035863841
313	0.5641223438923342	0.05352784265018146	0.08494638619131158
314	0.6172367107330519	0.049517447098168486	0.10336227882434038
315	0.6007900692377401	0.051781463749747285	0.09272931637108991
316	0.6262238591108715	0.04972091889849936	0.1033459227392907
317	0.5258375716945269	0.044500883567392166	0.11919293203311054
318	0.6292344738354904	0.051108524218797746	0.09756053726329059
319	0.5505969255295678	0.049349766150916186	0.09772215360764859
320	0.09517358139330763	0.02732075804252292	0.1489948104865152
321	0.15803892424200894	0.022095861078743263	0.2905932629027116
322	0.13260513436887755	0.026407902013722364	0.17005684428800072
323	0.09216296666868881	0.024627471415185846	0.17115177268415688
324	0.15583683294359074	0.02971062487913928	0.14758151317256182
325	0.10712664869970945	0.022516333950623153	0.2076743965219599
326	0.09292679429885269	0.02722821638980915	0.14907119849998599
327	0.13633488092762353	0.023929270231193945	0.20701966780270625
328	0.11162022288861931	0.022739423894892398	0.20755504341065226
329	0.10411603397509063	0.019159170724843494	0.2914915440650688
330	0.03828477219780721	0.029747290641401143	0.12546210878484684
331	0.09742036848776255	0.027412987291900347	0.14892084929531765
332	0.07270571044875832	0.026380737244057234	0.14989102795510448
333	0.08843322010994283	0.027042183034560158	0.14923174911033088
334	0.09589271322743478	0.02194869092535905	0.20801257358446093
335	0.07490780174717655	0.017362290852366805	0.29244882593280097
336	0.3274011755483659	0.04243558444457345	0.10426907534288267
337	0.31917785480071015	0.04376585470004856	0.09855028061849393
338	0.3595306309088254	0.03474522364002128	0.16809730807137552
339	0.2742421129116115	0.042596819044026964	0.0988301034126752
340	0.23155315811696783	0.04145571130690201	0.09916638494438235
341	0.25626781615597205	0.04212012078196244	0.0989618476658924
342	0.21209590189703734	0.04252066496652417	0.09446877728539041
343	0.28242073786323063	0.03605933410437195	0.1312476696288272
344	0.2644911369036279	0.040736143217220085	0.10466279699716044
345	0.3168863719102185	0.03886977976825102	0.11992491624275456
346	0.2494827590765706	0.03687028901158844	0.12036780829018172
347	0.22481279683360303	0.04127265248585042	0.09922758547577966
348	0.1903024669905785	0.033065169497381135	0.13205404804449683
349	0.17915792311037732	0.043210526321056694	0.09061947854230461
350	0.19403221354932454	0.03112134506928784	0.1470611577779263
351	0.21353416556529173	0.035758207111558485	0.12069132389677663
352	0.1371881001498608	0.038814402037816005	0.10034102225875716
353	0.21200651030496392	0.031763541000715906	0.14686999850267923
354	0.2644464411075912	0.03549494552845867	0.13136850160951835
355	0.07656954439561442	0.04206902186892374	0.08871510790372954
356	0.18136001440879554	0.038375192912152564	0.1054650717343529
357	0.16491337291348382	0.04125527665634303	0.09501461875826152
358	0.16635163658173818	0.034243835629630015	0.12126781251816651
359	0.15439856927533635	0.037577637020856085	0.10584342298262676
360	0.16185806239282832	0.03409610203723439	0.121335164821342
361	0.17084521077064804	0.03439093460673519	0.12120301539223745
362	0.15884744766820952	0.03197862883897955	0.13248845794770844
363	0.1760579167936851	0.030465615059263335	0.14728353561258287
364	0.1536347416451725	0.03573815026839999	0.11282661216669022
365	0.11018195922036494	0.032348708976308274	0.12235660983837357
366	0.15435387347929969	0.03182038022911725	0.13256116991078476
367	0.09971185137825417	0.03400091367388996	0.11396057645963795
368	0.11768614813389361	0.03458968847274851	0.1135127925020993
369	0.14684968456577102	0.029368844405554893	0.14773421007131973
370	0.1266286007156766	0.02858490076049609	0.1481365736219265
371	0.13260513436887755	0.026407902013722364	0.17005684428800072
372	0.07571632517337713	0.028911153025299306	0.1346426937147361
373	0.1333689619990414	0.02884858243017909	0.14799226128993842
374	0.143119938007025	0.0314212720411913	0.13275737671706586
375	0.07949076752815981	0.03332611079062533	0.11458731212852642
376	0.10420542556716403	0.03414905906690454	0.1138403014113939
377	0.13188600253475036	0.031017028797863666	0.13297716657106323
378	0.11090109105449213	0.02795997470944395	0.14852213144650117
379	0.15803892424200894	0.022095861078743263	0.2905932629027116
380	0.08245668645674191	0.029171885883427232	0.1343709624716425
381	0.06529091312730304	0.03667451613345867	0.10214190217264926
382	0.1273477325498038	0.023503569192917653	0.20719385350268701
383	0.10946282738623778	0.03620936010363936	0.10670360310096694
384	0.080209899362287	0.029085234634568306	0.13445852909056288
385	0.06376325786697531	0.03279166501863499	0.11519931476940798
386	0.08996087537027059	0.031638686796445964	0.12294055101945545
387	0.09445444955918045	0.03179783965459324	0.12279806626883456
388	0.09148853063059834	0.03564734690173388	0.1071682916493621
389	0.05257401819073734	0.03807355039395382	0.09759000729485334
390	0.08097372699245087	0.031317954805707975	0.1232516621479087
391	0.09068000720439777	0.027135359137525013	0.14915013480337325
392	0.0503272310962824	0.0380071991516493	0.09767836404205575
393	0.10793517212591003	0.03227058908954217	0.1224147871662532
394	0.08996087537027059	0.031638686796445964	0.12294055101945545
395	0.0540569776550284	0.036328774716253155	0.10257624248277727
396	0.14460289747131605	0.029282775986403404	0.1477746574944106
397	0.06973979152017623	0.03091236050471269	0.12369849743396226
398	0.09292679429885269	0.02722821638980915	0.14907119849998599
399	0.07949076752815981	0.03332611079062533	0.11458731212852642
400	0.09144383483456163	0.029515947130101347	0.1340475661845451
401	0.14684968456577102	0.029368844405554893	0.14773421007131973
402	0.13485192146333247	0.026503308114538666	0.17001148168257318
403	0.08996087537027059	0.031638686796445964	0.12294055101945545
404	0.12963921544029544	0.030935546272850827	0.1330243333042072
405	0.12514564125138555	0.0307719339448153	0.1331221956975687
406	0.16329632606108269	0.025163199334965646	0.20659846763533435
407	0.10869899975607389	0.03429656454589226	0.11372584793759088
408	0.15583683294359074	0.02971062487913928	0.14758151317256182
409	0.10119481084254522	0.03203508644350207	0.12259870064688459
410	0.14163697854273397	0.033423221028249454	0.12167431859122865
411	0.15511770110946355	0.033873293571633566	0.12144132500141176
412	0.2352382088796771	0.034558160814006415	0.13159676414461466
413	0.2232851415732753	0.03786429722428272	0.11196461510707317
414	0.19331308171519737	0.03511718817905028	0.12091270835166863
415	0.19187481804694298	0.04198302608156197	0.09468181696950301
416	0.20832145954225464	0.03915650722445294	0.10515556241917166
417	0.27123149818699266	0.04092160213087085	0.10461401831018738
418	0.2741527213195381	0.031865413544756374	0.16849487492448254
419	0.2876781396823044	0.03801624784234783	0.12009611535381537
420	0.3820431976494114	0.04070937600134401	0.11962342709421225
421	0.35665410357231675	0.04760195072178935	0.08928932171644588
422	0.4591530906950062	0.03955007312462488	0.1456263211478656
423	0.49357402894595737	0.03708436707292133	0.20501357927120223
424	0.48916984634912086	0.04652137776329059	0.10365068283560694
425	0.4824741808617928	0.0504840235955592	0.08882027236941817
426	0.5730201006780804	0.04567644617833778	0.11909388298427295
427	0.6104516536536504	0.04513636232829212	0.13018891098082389
428	0.7078273263453763	0.0488796570195735	0.11887742936939658
429	0.8133816239887213	0.047190434622416406	0.1673302392977777
430	0.8171113705474672	0.04584942534954719	0.2046706633324728
431	0.9257209787114677	0.04979296870285019	0.16725249155436347
432	0.9474697178218898	0.05286302149331092	0.12982269672237465
433	1.0620558596390912	0.05524445407496143	0.12974851605839213
434	1.1219552835592104	0.05525743114972769	0.14489378349055732
435	1.201356659495297	0.05800800759726794	0.12967655747260198
436	1.188684460354768	0.062201657996615596	0.09698042096054962
437	1.4387522638773556	0.061360891976958716	0.14477495486756128
438	1.4470202804210481	0.06363984647907611	0.11837608215090087
439	1.578816891363725	0.06490763994351238	0.12954323939272155
440	1.6903924184563077	0.06580684550989077	0.14471149944551148
441	1.779500074604341	0.06631439954045067	0.16697655227666333
442	1.8319847012030048	0.07105005569118315	0.10955835132482361
443	1.9779811665465385	0.07054567033973248	0.14465831784250557
444	2.0655611674342444	0.06909430826921385	0.288831301841613
445	2.2004130888975766	0.07400303220960155	0.14462653168535392
446	2.228857493495327	0.07353373399992938	0.16691499061863344
447	2.324750206722762	0.07673952742432878	0.12940414070658668
448	2.4400554803740904	0.07669241779515389	0.16689378464620955
449	2.473801982586951	0.07973073395579143	0.1181638714734847
450	2.5120867547847583	0.0850993022159006	0.0837581449222113
451	2.7553248054319077	0.07952216970932437	0.2887923630806987
452	2.8534643057537976	0.08252616894575522	0.16686125712017716
453	2.8804257508872566	0.08289237110758169	0.16685945639759356
454	2.9373592558787935	0.08445241212361404	0.14455510708520222
455	3.013750017090261	0.085462527986962	0.14454967258052598
456	2.9486378871471053	0.08693096330353997	0.1093925032779268
457	2.926125320406519	0.08430284486455782	0.1445559298538709
458	3.1395700943797373	0.08710071535756513	0.1445412901472752
459	3.1358403478209915	0.08781401898767895	0.12932669279611042
460	3.2998558057162013	0.0898877619304125	0.12931558338900462
461	3.1283361589074627	0.08695570340443769	0.14454201154619042
462	3.066234643688925	0.08918718807783979	0.102352848340829
463	3.1822590491743807	0.08764957277995117	0.14453859464732893
464	3.062415505538106	0.08532313531457686	0.1668481219916845
465	3.090859910135856	0.08491642173140973	0.20427147411811442
466	2.7816565103233133	0.08630246405071337	0.09656274346727069
467	2.9882715314210935	0.08434128108898918	0.16685257488583077
468	2.716410292992047	0.08063893212181675	0.16687095683528372
469	2.7905542671090595	0.08166531147264838	0.16686559253814695
470	2.740405819196924	0.08260051292306855	0.12935883722849012
471	2.6040709382693006	0.07905842625145348	0.16687965929883541
472	2.4798232120361887	0.08146663661004891	0.10241924631520989
473	2.4902039282862263	0.07568424743655112	0.28880478882753224
474	2.4984719448299186	0.07754338337801284	0.16688854384500498
475	2.2879930897852825	0.07262080010392523	0.2888161925727373
476	2.127796770040892	0.07469665247497086	0.11821319289469759
477	2.1509837728195684	0.07324883362049883	0.1446330385734689
478	2.0206701213411824	0.07122221982212143	0.1446516864225741
479	1.8551270081856448	0.06659106504157718	0.2043684590778828
480	1.679158482984033	0.06561478990840086	0.1447139370818399
481	1.5998911944360565	0.07205818499672774	0.08398185154477658
482	1.5443512573167373	0.06326466248906282	0.14474587806304448
483	1.4806773910418354	0.06104267881942843	0.16703772463986832
484	1.3751230933984904	0.062357777285199006	0.1184022686531902
485	1.2312840235573381	0.05626610736442564	0.1671109144560229
486	1.226835145164465	0.059626512052903716	0.1184654756125923
487	1.0582814172843085	0.052698907150563974	0.16718133593083803
488	1.007369141742009	0.05287658302716455	0.14495439731835388
489	0.9235188874130494	0.05360815130314445	0.11865375784001567
490	0.8942659593890987	0.04907817234549071	0.1672723621819997
491	0.7968902866973728	0.04535126607552888	0.20468415765663056
492	0.6456364195347654	0.044533095791010766	0.14527788712676626
493	0.6912912932579911	0.042655349945890535	0.20476705751749802
494	0.6261344675187982	0.04090336616734515	0.20483168338545313
495	0.49065280581341186	0.045104580940056656	0.11061992233249353
496	0.4202385782551452	0.041750092007462214	0.11948424912143735
497	0.3992089709788503	0.034106188394354246	0.20521281506095237
498	0.3640242050977353	0.034890208802624154	0.16808111918434696
499	0.32362673319358326	0.039064100347707534	0.11988905293194997
500	0.31985229083880057	0.035372716107177904	0.14611958006036918
501	0.32731178395629257	0.03164955631381409	0.2054368542284193
502	0.2584252116583536	0.03130604118446915	0.16859351295295777
503	0.22768932417011176	0.025391272053467653	0.2900336133198115
504	0.14163697854273397	0.033423221028249454	0.12167431859122865
505	0.12586477308551275	0.026119592876286072	0.17020062857772877
506	0.16329632606108269	0.025163199334965646	0.20659846763533435
507	0.11836058417198408	0.023070014213585368	0.20739033894608505
508	0.09966715558221749	0.02750490728058721	0.14884920105961155
509	0.09737567269172584	0.018759788541459422	0.29166666666666674
510	0.06592065336935683	0.01677071658131945	0.29288959306450313
511	0.029252928023950783	0.02156772786751394	0.1756820922315767
512	0.09436505796710705	0.017934362342537216	0.2920915272948881
513	0.02404022200091374	0.026828148791011672	0.13826657968874304
514	0.0075488847095653636	0.023442478161523814	0.15691147861521199
515	0.025523181465204797	0.024288561100567378	0.15365907428821482
516	0.018782820181840007	0.023974779323125524	0.15466012118972286
517	0.05693350499153711	0.01615749750610243	0.29344694769431684
518	0.0022914828904916293	0.02011442910930924	0.1825741858350554
519	0.01950195201596719	0.017609976062204772	0.2151657414559676
520	0.016536033087385077	0.02386926876434965	0.15504341823651058
521	-0.016401945699274993	0.025077572192939553	0.14790199457749043
522	0.02624231329933198	0.0180348388863015	0.2136233148205519
523	-0.016401945699274993	0.025077572192939553	0.14790199457749043
524	0.009750976007983594	0.012452133490117768	0.3042903097250923
525	-0.024625266446930826	0.02726822028599105	0.13707972013832906
526	0.015008377827057329	0.017320945482732938	0.21650635094610965
527	0.0053020976151104335	0.023334560850929074	0.15748519708717804
528	0.008268016543692538	0.01687812180523588	0.2192645048267573
529	0.02848910039378691	0.018174252829281923	0.21320071635561044
530	0.00903184417385642	0.0204874209000756	0.18002057495577395
531	0.011997763102438525	0.012653208316609736	0.3027650354097492
532	-0.0321294553604595	0.024362845920734105	0.16101529717988267
533	-0.010425412046074077	0.0225646928711881	0.1636634176769943
534	0.02026577964613107	0.021094422873733726	0.17720317769039837
535	-0.008942452581783018	0.01947690933270422	0.19002923751652304
536	0.008268016543692538	0.01687812180523588	0.2192645048267573
537	-0.0321294553604595	0.024362845920734105	0.16101529717988267
538	0.014244550196893455	0.012851137418584044	0.3015113445777637
539	-0.0007191318341271784	0.016268951615919878	0.22566773346211
540	0.00903184417385642	0.0204874209000756	0.18002057495577395
541	-0.04408252266686132	0.028861510473284772	0.1353329904901917
542	-0.010425412046074077	0.0225646928711881	0.1636634176769943
543	-0.014155158604820063	0.02517801976605595	0.146862614204502
544	0.020221083850094367	0.012452133490117768	0.3042903097250923
545	-0.02988266826600457	0.02446622802160643	0.158113883008419
546	0.020221083850094367	0.012452133490117768	0.3042903097250923
547	0.029208232227914084	0.013238120616120303	0.2995723447576391
548	-0.055316458139135966	0.028420881857544118	0.1494035761667992
549	0.008268016543692538	0.01687812180523588	0.2192645048267573
550	0.010514803638147469	0.017027009365128926	0.21821789023599236
551	0.006021229449237608	0.016727909116938965	0.22047927592204922
552	-0.04035277610811533	0.026612393199986154	0.149071198499986
553	0.0067850570794014894	0.020363849412354366	0.18077538151554684
554	-0.008178624951619147	0.022676274310804594	0.16244657241348276
555	-0.014918986234983937	0.022339858098820338	0.16666666666666669
556	-0.035859201919205476	0.02680140996899767	0.14433756729740646
557	-0.0029659189285821085	0.016113060988941018	0.2282177322938192
558	-0.010425412046074077	0.0225646928711881	0.1636634176769943
559	-0.018648732793729923	0.02497672065833075	0.14907119849998599
560	0.005257401819073734	0.012039913785409515	0.3086066999241839
561	-0.002202091298418231	0.01986187689766021	0.18490006540840975
562	0.026961445133459154	0.013046063973441959	0.30046260628866583
563	-0.014918986234983937	0.022339858098820338	0.16666666666666669
564	-0.023906134612803654	0.02188325960372887	0.1767766952966369
565	0.011997763102438525	0.012653208316609736	0.3027650354097492
566	-0.0029659189285821085	0.016113060988941018	0.2282177322938192
567	0.02098491148025824	0.013427430494877218	0.29880715233359845
568	-0.0350953742890416	0.029209227921853112	0.12964074471043288
569	-0.033612414824750546	0.026895420215607285	0.14247506904418508
570	-0.004448878392873161	0.01973438880862539	0.18633899812498253
571	0.011997763102438525	0.012653208316609736	0.3027650354097492
572	-0.055316458139135966	0.028420881857544118	0.1494035761667992
573	0.02323169857471317	0.013614108194904575	0.29814239699997197
574	-0.0381059890136604	0.026707068803567314	0.1465081788319221
575	0.008268016543692538	0.01687812180523588	0.2192645048267573
576	0.0007638276301638759	0.011613071060855334	0.316227766016838
577	-0.0029659189285821085	0.016113060988941018	0.2282177322938192
578	-0.016401945699274993	0.025077572192939553	0.14790199457749043
579	0.008268016543692538	0.01687812180523588	0.2192645048267573
580	-0.004448878392873161	0.01973438880862539	0.18633899812498253
581	0.011233935472274649	0.011613071060855334	0.316227766016838
582	0.0022914828904916293	0.02011442910930924	0.1825741858350554
583	-0.008942452581783018	0.01947690933270422	0.19002923751652304
584	-0.010425412046074077	0.0225646928711881	0.1636634176769943
585	0.004538269984946559	0.020239523478610754	0.18162078931419476
586	0.014244550196893455	0.012851137418584044	0.3015113445777637
587	-0.019412560423893794	0.02211273740132167	0.17078251276599332
588	-0.013436026770692878	0.01921598013786344	0.19543398999264294
589	0.0022914828904916293	0.02011442910930924	0.1825741858350554
590	0.029208232227914084	0.013238120616120303	0.2995723447576391
591	-0.0066956654873280876	0.019606071748368918	0.1880253582725888
592	0.004538269984946559	0.020239523478610754	0.18162078931419476
593	0.012761590732602399	0.01717460625947499	0.2173067468400883
594	0.010514803638147469	0.017027009365128926	0.21821789023599236
595	-0.019412560423893794	0.02211273740132167	0.17078251276599332
596	0.0067403612833647885	0.011169929049410169	0.33333333333333337
597	-0.013436026770692878	0.01921598013786344	0.19543398999264294
598	0.014244550196893455	0.012851137418584044	0.3015113445777637
599	-0.004448878392873161	0.01973438880862539	0.18633899812498253
600	0.01873812438580331	0.013238120616120303	0.2995723447576391
601	0.011997763102438525	0.012653208316609736	0.3027650354097492
602	0.01649133729134838	0.013046063973441959	0.30046260628866583
603	0.01649133729134838	0.013046063973441959	0.30046260628866583
604	-0.011189239676237948	0.019346884630517945	0.1924500897298753
605	0.011997763102438525	0.012653208316609736	0.3027650354097492
606	0.010514803638147469	0.017027009365128926	0.21821789023599236
607	-0.002202091298418231	0.01986187689766021	0.18490006540840975
608	0.008987148377819719	0.011393654690952609	0.32274861218395146
609	-0.0029659189285821085	0.016113060988941018	0.2282177322938192
610	0.014244550196893455	0.012851137418584044	0.3015113445777637
611	0.003010614724618804	0.011828417971659812	0.3118047822311618
612	0.02098491148025824	0.013427430494877218	0.29880715233359845
613	0.005257401819073734	0.012039913785409515	0.3086066999241839
614	-0.0029659189285821085	0.016113060988941018	0.2282177322938192
615	0.0015276552603277517	0.01642336259506412	0.22360679774997896
616	0.010514803638147469	0.017027009365128926	0.21821789023599236
617	0.011997763102438525	0.012653208316609736	0.3027650354097492
618	-0.016401945699274993	0.025077572192939553	0.14790199457749043
619	0.012761590732602399	0.01717460625947499	0.2173067468400883
620	0.020221083850094367	0.012452133490117768	0.3042903097250923
621	-0.057563245233590896	0.02833193380820785	0.1543033499620919
622	0.005257401819073734	0.012039913785409515	0.3086066999241839
623	-0.013436026770692878	0.01921598013786344	0.19543398999264294
624	0.0007638276301638759	0.011613071060855334	0.316227766016838
625	-0.04035277610811533	0.026612393199986154	0.149071198499986
626	-0.002202091298418231	0.01986187689766021	0.18490006540840975
627	-0.02763588117154964	0.02456917511543782	0.1556997888323046
628	0.00004469579603669921	0.01998855187715252	0.18365772167311328
629	0.014244550196893455	0.012851137418584044	0.3015113445777637
630	0.008268016543692538	0.01687812180523588	0.2192645048267573
631	0.011997763102438525	0.012653208316609736	0.3027650354097492
632	0.006021229449237608	0.016727909116938965	0.22047927592204922
633	-0.0321294553604595	0.024362845920734105	0.16101529717988267
634	0.029208232227914084	0.013238120616120303	0.2995723447576391
635	0.02624231329933198	0.0180348388863015	0.2136233148205519
636	0.02098491148025824	0.013427430494877218	0.29880715233359845
637	-0.03064649589616844	0.02153445829689626	0.19364916731037085
638	-0.013436026770692878	0.01921598013786344	0.19543398999264294
639	-0.011189239676237948	0.019346884630517945	0.1924500897298753
640	-0.014918986234983937	0.022339858098820338	0.16666666666666669
641	0.0022914828904916293	0.02011442910930924	0.1825741858350554
642	0.01873812438580331	0.013238120616120303	0.2995723447576391
643	-0.0007191318341271784	0.016268951615919878	0.22566773346211
644	0.0015276552603277517	0.01642336259506412	0.22360679774997896
645	-0.0007191318341271784	0.016268951615919878	0.22566773346211
646	-0.03734216138349653	0.029122687780199035	0.1308170296180709
647	0.012761590732602399	0.01717460625947499	0.2173067468400883
648	-0.023906134612803654	0.02188325960372887	0.1767766952966369
649	0.008268016543692538	0.01687812180523588	0.2192645048267573
650	0.011997763102438525	0.012653208316609736	0.3027650354097492
651	-0.013436026770692878	0.01921598013786344	0.19543398999264294
652	-0.004448878392873161	0.01973438880862539	0.18633899812498253
653	0.01725516492151226	0.017466058647090815	0.21579765395152098
654	0.008268016543692538	0.01687812180523588	0.2192645048267573
655	-0.0014829594642910542	0.011393654690952609	0.32274861218395146
656	-0.015682813865147808	0.019084177750454772	0.199204768222399
657	-0.019412560423893794	0.02211273740132167	0.17078251276599332
658	0.02098491148025824	0.013427430494877218	0.29880715233359845
659	-0.021659347518348724	0.021998297732597427	0.17347216662217776
660	0.01950195201596719	0.017609976062204772	0.2151657414559676
661	0.01725516492151226	0.017466058647090815	0.21579765395152098
662	0.011997763102438525	0.012653208316609736	0.3027650354097492
663	0.0022914828904916293	0.02011442910930924	0.1825741858350554
664	0.015727509661184507	0.012039913785409515	0.3086066999241839
665	0.033701806416823944	0.013614108194904575	0.29814239699997197
666	0.012761590732602399	0.01717460625947499	0.2173067468400883
667	0.009750976007983594	0.012452133490117768	0.3042903097250923
668	0.0015276552603277517	0.01642336259506412	0.22360679774997896
669	-0.0351400700850783	0.021298750894011266	0.22047927592204927
670	0.01873812438580331	0.013238120616120303	0.2995723447576391
671	-0.017929600959602738	0.018951458734438986	0.20412414523193156
672	-0.0014829594642910542	0.011393654690952609	0.32274861218395146
673	-0.0037297465587459843	0.011169929049410169	0.33333333333333337
674	-0.0014829594642910542	0.011393654690952609	0.32274861218395146
675	-0.010425412046074077	0.0225646928711881	0.1636634176769943
676	0.015008377827057329	0.017320945482732938	0.21650635094610965
677	0.003010614724618804	0.011828417971659812	0.3118047822311618
678	0.026961445133459154	0.013046063973441959	0.30046260628866583
679	-0.0052127060230370385	0.015955647344608855	0.23145502494313785
680	0.011997763102438525	0.012653208316609736	0.3027650354097492
681	-0.0052127060230370385	0.015955647344608855	0.23145502494313785
682	0.0015276552603277517	0.01642336259506412	0.22360679774997896
683	-0.0037297465587459843	0.011169929049410169	0.33333333333333337
684	0.00004469579603669921	0.01998855187715252	0.18365772167311328
685	-0.0029659189285821085	0.016113060988941018	0.2282177322938192
686	0.015727509661184507	0.012039913785409515	0.3086066999241839
687	0.0015276552603277517	0.01642336259506412	0.22360679774997896
688	0.015727509661184507	0.012039913785409515	0.3086066999241839
689	-0.03064649589616844	0.02153445829689626	0.19364916731037085
690	-0.0066956654873280876	0.019606071748368918	0.1880253582725888
691	0.01725516492151226	0.017466058647090815	0.21579765395152098
692	0.0015276552603277517	0.01642336259506412	0.22360679774997896
693	-0.04709313739148012	0.02632632361510512	0.16060401860990528
694	0.009750976007983594	0.012452133490117768	0.3042903097250923
695	0.0254784856691681	0.013798260549445248	0.29755951785595214
696	0.009750976007983594	0.012452133490117768	0.3042903097250923
697	-0.008942452581783018	0.01947690933270422	0.19002923751652304
698	-0.023906134612803654	0.02188325960372887	0.1767766952966369
699	-0.0066956654873280876	0.019606071748368918	0.1880253582725888
700	-0.009706280211946897	0.01563606656707195	0.24152294576982397
701	0.014244550196893455	0.012851137418584044	0.3015113445777637
702	-0.0007191318341271784	0.016268951615919878	0.22566773346211
703	-0.007459493117491969	0.015796665152421074	0.23570226039551584
704	0.004493574188909859	0.010941629801864436	0.3535533905932738
705	0.004493574188909859	0.010941629801864436	0.3535533905932738
706	-0.007459493117491969	0.015796665152421074	0.23570226039551584
707	0.008987148377819719	0.011393654690952609	0.32274861218395146
708	0.0015276552603277517	0.01642336259506412	0.22360679774997896
709	0.013480722566729577	0.011828417971659812	0.3118047822311618
710	0.01873812438580331	0.013238120616120303	0.2995723447576391
711	0.0067403612833647885	0.011169929049410169	0.33333333333333337
712	-0.0052127060230370385	0.015955647344608855	0.23145502494313785
713	0.008987148377819719	0.011393654690952609	0.32274861218395146
714	0.033701806416823944	0.013614108194904575	0.29814239699997197
715	0.005257401819073734	0.012039913785409515	0.3086066999241839
716	0.00903184417385642	0.0204874209000756	0.18002057495577395
717	0.003010614724618804	0.011828417971659812	0.3118047822311618
718	-0.0052127060230370385	0.015955647344608855	0.23145502494313785
719	-0.0066956654873280876	0.019606071748368918	0.1880253582725888
720	-0.0052127060230370385	0.015955647344608855	0.23145502494313785
721	0.013480722566729577	0.011828417971659812	0.3118047822311618
722	-0.011953067306401827	0.015473801260262324	0.25
723	0.022467870944549297	0.012653208316609736	0.3027650354097492
724	-0.0014829594642910542	0.011393654690952609	0.32274861218395146
725	-0.03289328299062337	0.02141692886230318	0.20412414523193154
726	-0.03064649589616844	0.02153445829689626	0.19364916731037085
727	0.008268016543692538	0.01687812180523588	0.2192645048267573
728	-0.0007191318341271784	0.016268951615919878	0.22566773346211
729	-0.0052127060230370385	0.015955647344608855	0.23145502494313785
730	0.02098491148025824	0.013427430494877218	0.29880715233359845
731	-0.021659347518348724	0.021998297732597427	0.17347216662217776
732	0.003010614724618804	0.011828417971659812	0.3118047822311618
733	-0.0029659189285821085	0.016113060988941018	0.2282177322938192
734	0.005257401819073734	0.012039913785409515	0.3086066999241839
735	0.031455019322369014	0.013427430494877218	0.29880715233359845
736	-0.0059765336532009135	0.010941629801864436	0.3535533905932738
737	0.011233935472274649	0.011613071060855334	0.316227766016838
738	-0.0029659189285821085	0.016113060988941018	0.2282177322938192
739	0.005257401819073734	0.012039913785409515	0.3086066999241839
740	-0.008942452581783018	0.01947690933270422	0.19002923751652304
741	-0.017929600959602738	0.018951458734438986	0.20412414523193156
742	-0.0037297465587459843	0.011169929049410169	0.33333333333333337
743	-0.026152921707258584	0.021767613526438367	0.1809367161139365
744	-0.015682813865147808	0.019084177750454772	0.199204768222399
745	-0.0052127060230370385	0.015955647344608855	0.23145502494313785
746	0.02323169857471317	0.013614108194904575	0.29814239699997197
747	-0.0052127060230370385	0.015955647344608855	0.23145502494313785
748	-0.015682813865147808	0.019084177750454772	0.199204768222399
749	-0.015682813865147808	0.019084177750454772	0.199204768222399
750	-0.004448878392873161	0.01973438880862539	0.18633899812498253
751	0.017974296755639437	0.01224775800740296	0.3061862178478973
752	-0.0052127060230370385	0.015955647344608855	0.23145502494313785
753	-0.0007191318341271784	0.016268951615919878	0.22566773346211
754	0.0037744423547826818	0.01657633527583104	0.22190634114964863
755	0.006021229449237608	0.016727909116938965	0.22047927592204922
756	0.0007638276301638759	0.011613071060855334	0.316227766016838
757	-0.0007191318341271784	0.016268951615919878	0.22566773346211
758	-0.002202091298418231	0.01986187689766021	0.18490006540840975
759	-0.007459493117491969	0.015796665152421074	0.23570226039551584
760	-0.011953067306401827	0.015473801260262324	0.25
761	0.005257401819073734	0.012039913785409515	0.3086066999241839
762	-0.0007191318341271784	0.016268951615919878	0.22566773346211
763	0.01873812438580331	0.013238120616120303	0.2995723447576391
764	-0.015682813865147808	0.019084177750454772	0.199204768222399
765	0.011997763102438525	0.012653208316609736	0.3027650354097492
766	0.0007638276301638759	0.011613071060855334	0.316227766016838
767	-0.020176388054057665	0.01881780369531297	0.210818510677892
768	0.033701806416823944	0.013614108194904575	0.29814239699997197
769	0.010514803638147469	0.017027009365128926	0.21821789023599236
770	0.007504188913528664	0.01224775800740296	0.3061862178478973
771	0.003010614724618804	0.011828417971659812	0.3118047822311618
772	0.005257401819073734	0.012039913785409515	0.3086066999241839
773	-0.017929600959602738	0.018951458734438986	0.20412414523193156
774	-0.015682813865147808	0.019084177750454772	0.199204768222399
775	-0.0007191318341271784	0.016268951615919878	0.22566773346211
776	-0.0014829594642910542	0.011393654690952609	0.32274861218395146
777	-0.0321294553604595	0.024362845920734105	0.16101529717988267
778	-0.011189239676237948	0.019346884630517945	0.1924500897298753
779	-0.015682813865147808	0.019084177750454772	0.199204768222399
780	-0.0052127060230370385	0.015955647344608855	0.23145502494313785
781	0.0015276552603277517	0.01642336259506412	0.22360679774997896
782	0.011997763102438525	0.012653208316609736	0.3027650354097492
783	-0.0007191318341271784	0.016268951615919878	0.22566773346211
784	0.02323169857471317	0.013614108194904575	0.29814239699997197
785	-0.009706280211946897	0.01563606656707195	0.24152294576982397
786	-0.008942452581783018	0.01947690933270422	0.19002923751652304
787	-0.009706280211946897	0.01563606656707195	0.24152294576982397
788	0.007504188913528664	0.01224775800740296	0.3061862178478973
789	0.0067403612833647885	0.011169929049410169	0.33333333333333337
790	-0.0007191318341271784	0.016268951615919878	0.22566773346211
791	0.014244550196893455	0.012851137418584044	0.3015113445777637
792	-0.0052127060230370385	0.015955647344608855	0.23145502494313785
793	0.040442167700188734	0.014159382002262511	0.29658550700086983
794	0.0015276552603277517	0.01642336259506412	0.22360679774997896
795	-0.015682813865147808	0.019084177750454772	0.199204768222399
796	0.005257401819073734	0.012039913785409515	0.3086066999241839
797	-0.021659347518348724	0.021998297732597427	0.17347216662217776
798	0.015727509661184507	0.012039913785409515	0.3086066999241839
799	-0.029163536431877385	0.018273410380224533	0.33333333333333337
800	0.020221083850094367	0.012452133490117768	0.3042903097250923
801	0.003010614724618804	0.011828417971659812	0.3118047822311618
802	0.015727509661184507	0.012039913785409515	0.3086066999241839
803	0.0037744423547826818	0.01657633527583104	0.22190634114964863
804	0.022467870944549297	0.012653208316609736	0.3027650354097492
805	-0.021659347518348724	0.021998297732597427	0.17347216662217776
806	0.003010614724618804	0.011828417971659812	0.3118047822311618
807	0.011997763102438525	0.012653208316609736	0.3027650354097492
808	0.009750976007983594	0.012452133490117768	0.3042903097250923
809	-0.008223320747655843	0.01070846443115159	0.4082482904638631
810	-0.011953067306401827	0.015473801260262324	0.25
811	-0.007459493117491969	0.015796665152421074	0.23570226039551584
812	-0.0037297465587459843	0.011169929049410169	0.33333333333333337
813	-0.0037297465587459843	0.011169929049410169	0.33333333333333337
814	0.009750976007983594	0.012452133490117768	0.3042903097250923
815	0.003010614724618804	0.011828417971659812	0.3118047822311618
816	0.015727509661184507	0.012039913785409515	0.3086066999241839
817	0.017974296755639437	0.01224775800740296	0.3061862178478973
818	-0.020176388054057665	0.01881780369531297	0.210818510677892
819	-0.016446641495311685	0.015144055630724467	0.28867513459481287
820	-0.022423175148512595	0.01868319254483894	0.22047927592204927
821	0.008987148377819719	0.011393654690952609	0.32274861218395146
822	0.015727509661184507	0.012039913785409515	0.3086066999241839
823	-0.0029659189285821085	0.016113060988941018	0.2282177322938192
824	0.007504188913528664	0.01224775800740296	0.3061862178478973
825	0.005257401819073734	0.012039913785409515	0.3086066999241839
826	-0.028399708801713514	0.021651349759046742	0.1863389981249825
827	-0.011189239676237948	0.019346884630517945	0.1924500897298753
828	-0.0014829594642910542	0.011393654690952609	0.32274861218395146
829	0.015727509661184507	0.012039913785409515	0.3086066999241839
830	-0.022423175148512595	0.01868319254483894	0.22047927592204927
831	-0.0007191318341271784	0.016268951615919878	0.22566773346211
832	0.011233935472274649	0.011613071060855334	0.316227766016838
833	-0.0007191318341271784	0.016268951615919878	0.22566773346211
834	-0.020176388054057665	0.01881780369531297	0.210818510677892
835	-0.009706280211946897	0.01563606656707195	0.24152294576982397
836	0.0067403612833647885	0.011169929049410169	0.33333333333333337
837	-0.0059765336532009135	0.010941629801864436	0.3535533905932738
838	0.005257401819073734	0.012039913785409515	0.3086066999241839
839	-0.0014829594642910542	0.011393654690952609	0.32274861218395146
840	0.017974296755639437	0.01224775800740296	0.3061862178478973
841	-0.014199854400856757	0.015309816236463672	0.26352313834736496
842	-0.017929600959602738	0.018951458734438986	0.20412414523193156
843	-0.0052127060230370385	0.015955647344608855	0.23145502494313785
844	0.013480722566729577	0.011828417971659812	0.3118047822311618
845	-0.04111660373827922	0.023944854402693568	0.18257418583505539
846	-0.011189239676237948	0.019346884630517945	0.1924500897298753
847	-0.026916749337422455	0.018411017874411694	0.26352313834736496
848	0.011233935472274649	0.011613071060855334	0.316227766016838
849	0.008987148377819719	0.011393654690952609	0.32274861218395146
850	0.008987148377819719	0.011393654690952609	0.32274861218395146
851	0.013480722566729577	0.011828417971659812	0.3118047822311618
852	-0.0014829594642910542	0.011393654690952609	0.32274861218395146
853	0.0007638276301638759	0.011613071060855334	0.316227766016838
854	-0.04785696502164401	0.023626508324819516	0.24152294576982397
855	0.005257401819073734	0.012039913785409515	0.3086066999241839
856	0.011997763102438525	0.012653208316609736	0.3027650354097492
857	0.005257401819073734	0.012039913785409515	0.3086066999241839
858	-0.0014829594642910542	0.011393654690952609	0.32274861218395146
859	0.003010614724618804	0.011828417971659812	0.3118047822311618
860	-0.0014829594642910542	0.011393654690952609	0.32274861218395146
861	-0.0037297465587459843	0.011169929049410169	0.33333333333333337
862	0.011233935472274649	0.011613071060855334	0.316227766016838
863	0.003010614724618804	0.011828417971659812	0.3118047822311618
864	0.0067403612833647885	0.011169929049410169	0.33333333333333337
865	0.003010614724618804	0.011828417971659812	0.3118047822311618
866	-0.011953067306401827	0.015473801260262324	0.25
867	-0.0014829594642910542	0.011393654690952609	0.32274861218395146
868	0.0007638276301638759	0.011613071060855334	0.316227766016838
869	0.0007638276301638759	0.011613071060855334	0.316227766016838
870	0.003010614724618804	0.011828417971659812	0.3118047822311618
871	0.0067403612833647885	0.011169929049410169	0.33333333333333337
872	0.0022467870944549296	0.01070846443115159	0.4082482904638631
873	-0.011953067306401827	0.015473801260262324	0.25
874	-0.024669962242967525	0.018547604465798707	0.23570226039551592
875	0.003010614724618804	0.011828417971659812	0.3118047822311618
876	0.011233935472274649	0.011613071060855334	0.316227766016838
877	0.022467870944549297	0.012653208316609736	0.3027650354097492
878	0.0067403612833647885	0.011169929049410169	0.33333333333333337
879	-0.0059765336532009135	0.010941629801864436	0.3535533905932738
880	-0.009706280211946897	0.01563606656707195	0.24152294576982397
881	0.008987148377819719	0.011393654690952609	0.32274861218395146
882	0.008987148377819719	0.011393654690952609	0.32274861218395146
883	-0.0037297465587459843	0.011169929049410169	0.33333333333333337
884	0.020221083850094367	0.012452133490117768	0.3042903097250923
885	-0.018693428589766616	0.01497646048633215	0.3535533905932738
886	0.0067403612833647885	0.011169929049410169	0.33333333333333337
887	-0.011953067306401827	0.015473801260262324	0.25
888	0.013480722566729577	0.011828417971659812	0.3118047822311618
889	0.003010614724618804	0.011828417971659812	0.3118047822311618
890	-0.011953067306401827	0.015473801260262324	0.25
891	-0.0059765336532009135	0.010941629801864436	0.3535533905932738
892	0.011233935472274649	0.011613071060855334	0.316227766016838
893	0.0067403612833647885	0.011169929049410169	0.33333333333333337
894	-0.0014829594642910542	0.011393654690952609	0.32274861218395146
895	-0.024669962242967525	0.018547604465798707	0.23570226039551592
896	-0.0059765336532009135	0.010941629801864436	0.3535533905932738
897	0.0007638276301638759	0.011613071060855334	0.316227766016838
898	0.0007638276301638759	0.011613071060855334	0.316227766016838
899	0.005257401819073734	0.012039913785409515	0.3086066999241839
900	0.011233935472274649	0.011613071060855334	0.316227766016838
901	-0.016446641495311685	0.015144055630724467	0.28867513459481287
902	-0.0037297465587459843	0.011169929049410169	0.33333333333333337
903	-0.016446641495311685	0.015144055630724467	0.28867513459481287
904	-0.008223320747655843	0.01070846443115159	0.4082482904638631
905	0.008987148377819719	0.011393654690952609	0.32274861218395146
906	-0.0037297465587459843	0.011169929049410169	0.33333333333333337
907	0.007504188913528664	0.01224775800740296	0.3061862178478973
908	0.004493574188909859	0.010941629801864436	0.3535533905932738
909	0.004493574188909859	0.010941629801864436	0.3535533905932738
910	0.008987148377819719	0.011393654690952609	0.32274861218395146
911	0.003010614724618804	0.011828417971659812	0.3118047822311618
912	0.0067403612833647885	0.011169929049410169	0.33333333333333337
913	0.0007638276301638759	0.011613071060855334	0.316227766016838
914	0.007504188913528664	0.01224775800740296	0.3061862178478973
915	0.004493574188909859	0.010941629801864436	0.3535533905932738
916	-0.0014829594642910542	0.011393654690952609	0.32274861218395146
917	0.0067403612833647885	0.011169929049410169	0.33333333333333337
918	0.0067403612833647885	0.011169929049410169	0.33333333333333337
919	-0.0059765336532009135	0.010941629801864436	0.3535533905932738
920	-0.018693428589766616	0.01497646048633215	0.3535533905932738
921	0.011233935472274649	0.011613071060855334	0.316227766016838
922	-0.0014829594642910542	0.011393654690952609	0.32274861218395146
923	0.008987148377819719	0.011393654690952609	0.32274861218395146
924	-0.011953067306401827	0.015473801260262324	0.25
925	0.0067403612833647885	0.011169929049410169	0.33333333333333337
926	0.011233935472274649	0.011613071060855334	0.316227766016838
927	0.003010614724618804	0.011828417971659812	0.3118047822311618
928	-0.014199854400856757	0.015309816236463672	0.26352313834736496
929	-0.008223320747655843	0.01070846443115159	0.4082482904638631
930	0.011233935472274649	0.011613071060855334	0.316227766016838
931	0.004493574188909859	0.010941629801864436	0.3535533905932738
932	0.0022467870944549296	0.01070846443115159	0.4082482904638631
933	-0.016446641495311685	0.015144055630724467	0.28867513459481287
934	-0.010470107842110773	0.01070846443115159	0.4082482904638631
935	-0.0037297465587459843	0.011169929049410169	0.33333333333333337
936	0.011233935472274649	0.011613071060855334	0.316227766016838
937	0.013480722566729577	0.011828417971659812	0.3118047822311618
938	-0.0037297465587459843	0.011169929049410169	0.33333333333333337
939	0.008987148377819719	0.011393654690952609	0.32274861218395146
940	0.008987148377819719	0.011393654690952609	0.32274861218395146
941	0.011233935472274649	0.011613071060855334	0.316227766016838
942	-0.0059765336532009135	0.010941629801864436	0.3535533905932738
943	-0.009706280211946897	0.01563606656707195	0.24152294576982397
944	0.013480722566729577	0.011828417971659812	0.3118047822311618
945	0.0007638276301638759	0.011613071060855334	0.316227766016838
946	0.004493574188909859	0.010941629801864436	0.3535533905932738
947	-0.0037297465587459843	0.011169929049410169	0.33333333333333337
948	0.011233935472274649	0.011613071060855334	0.316227766016838
949	-0.0052127060230370385	0.015955647344608855	0.23145502494313785
950	-0.009706280211946897	0.01563606656707195	0.24152294576982397
951	-0.008223320747655843	0.01070846443115159	0.4082482904638631
952	0.003010614724618804	0.011828417971659812	0.3118047822311618
953	0.008987148377819719	0.011393654690952609	0.32274861218395146
954	0.0067403612833647885	0.011169929049410169	0.33333333333333337
955	0.008987148377819719	0.011393654690952609	0.32274861218395146
956	0.017974296755639437	0.01224775800740296	0.3061862178478973
957	-0.014199854400856757	0.015309816236463672	0.26352313834736496
958	-0.011953067306401827	0.015473801260262324	0.25
959	0.0067403612833647885	0.011169929049410169	0.33333333333333337
960	-0.0014829594642910542	0.011393654690952609	0.32274861218395146
961	0.013480722566729577	0.011828417971659812	0.3118047822311618
962	0.003010614724618804	0.011828417971659812	0.3118047822311618
963	-0.018693428589766616	0.01497646048633215	0.3535533905932738
964	0.005257401819073734	0.012039913785409515	0.3086066999241839
965	-0.0014829594642910542	0.011393654690952609	0.32274861218395146
966	-0.0014829594642910542	0.011393654690952609	0.32274861218395146
967	0.013480722566729577	0.011828417971659812	0.3118047822311618
968	-0.0037297465587459843	0.011169929049410169	0.33333333333333337
969	-0.0014829594642910542	0.011393654690952609	0.32274861218395146
970	0.008268016543692538	0.01687812180523588	0.2192645048267573
971	-0.0052127060230370385	0.015955647344608855	0.23145502494313785
972	0.008987148377819719	0.011393654690952609	0.32274861218395146
973	-0.008942452581783018	0.01947690933270422	0.19002923751652304
974	0.026961445133459154	0.013046063973441959	0.30046260628866583
975	-0.0037297465587459843	0.011169929049410169	0.33333333333333337
976	-0.022423175148512595	0.01868319254483894	0.22047927592204927
977	0.008987148377819719	0.011393654690952609	0.32274861218395146
978	-0.009706280211946897	0.01563606656707195	0.24152294576982397
979	-0.0029659189285821085	0.016113060988941018	0.2282177322938192
980	-0.014199854400856757	0.015309816236463672	0.26352313834736496
981	-0.04933992448593505	0.026230273785064318	0.1666666666666667
982	0.009750976007983594	0.012452133490117768	0.3042903097250923
983	0.005257401819073734	0.012039913785409515	0.3086066999241839
984	0.035948593511278874	0.013798260549445248	0.29755951785595214
985	-0.004448878392873161	0.01973438880862539	0.18633899812498253
986	0.014244550196893455	0.012851137418584044	0.3015113445777637
987	0.007504188913528664	0.01224775800740296	0.3061862178478973
988	-0.009706280211946897	0.01563606656707195	0.24152294576982397
989	0.015008377827057329	0.017320945482732938	0.21650635094610965
990	-0.03437624245491443	0.024259023251351677	0.16457014715109583
991	0.020221083850094367	0.012452133490117768	0.3042903097250923
992	-0.008942452581783018	0.01947690933270422	0.19002923751652304
993	0.008268016543692538	0.01687812180523588	0.2192645048267573
994	-0.011189239676237948	0.019346884630517945	0.1924500897298753
995	-0.011189239676237948	0.019346884630517945	0.1924500897298753
996	-0.04709313739148012	0.02632632361510512	0.16060401860990528
997	-0.017929600959602738	0.018951458734438986	0.20412414523193156
998	0.010514803638147469	0.017027009365128926	0.21821789023599236
999	-0.0014829594642910542	0.011393654690952609	0.32274861218395146
1000	0.029208232227914084	0.013238120616120303	0.2995723447576391
1001	-0.0029659189285821085	0.016113060988941018	0.2282177322938192
1002	-0.0029212231325454127	0.02567436348926591	0.14301938838683886
1003	-0.019412560423893794	0.02211273740132167	0.17078251276599332
1004	-0.03437624245491443	0.024259023251351677	0.16457014715109583
1005	-0.011908371510365133	0.025278068193351197	0.14593250596181886
1006	0.012761590732602399	0.01717460625947499	0.2173067468400883
1007	0.02323169857471317	0.013614108194904575	0.29814239699997197
1008	0.0015276552603277517	0.01642336259506412	0.22360679774997896
1009	-0.019412560423893794	0.02211273740132167	0.17078251276599332
1010	-0.021659347518348724	0.021998297732597427	0.17347216662217776
1011	-0.017929600959602738	0.018951458734438986	0.20412414523193156
1012	0.020221083850094367	0.012452133490117768	0.3042903097250923
1013	0.009750976007983594	0.012452133490117768	0.3042903097250923
1014	-0.024625266446930826	0.02726822028599105	0.13707972013832906
1015	0.015008377827057329	0.017320945482732938	0.21650635094610965
1016	-0.019412560423893794	0.02211273740132167	0.17078251276599332
1017	0.0015276552603277517	0.01642336259506412	0.22360679774997896
1018	0.0037744423547826818	0.01657633527583104	0.22190634114964863
1019	-0.015682813865147808	0.019084177750454772	0.199204768222399
1020	-0.04183573557240639	0.028948831393466226	0.1336306209562122
1021	0.01873812438580331	0.013238120616120303	0.2995723447576391
1022	0.	0.01070846443115159	0.4082482904638631
1023	0.	0.01070846443115159	0.4082482904638631