0	0.	0.011200693149521839	0.4082482904638631
1	-0.010470107842110773	0.011200693149521839	0.4082482904638631
2	0.	0.011200693149521839	0.4082482904638631
3	0.	0.011200693149521839	0.4082482904638631
4	-0.010470107842110773	0.011200693149521839	0.4082482904638631
5	0.	0.011200693149521839	0.4082482904638631
6	0.003978990927900684	0.011200693149521839	0.4082482904638631
7	0.	0.011200693149521839	0.4082482904638631
8	0.	0.011200693149521839	0.4082482904638631
9	0.	0.011200693149521839	0.4082482904638631
10	0.007957981855801368	0.011886458506807711	0.3535533905932738
11	0.	0.011200693149521839	0.4082482904638631
12	0.	0.011200693149521839	0.4082482904638631
13	0.003978990927900684	0.011200693149521839	0.4082482904638631
14	0.003978990927900684	0.011200693149521839	0.4082482904638631
15	0.003978990927900684	0.011200693149521839	0.4082482904638631
16	0.02785293649530479	0.014847549961378851	0.3086066999241839
17	0.011936972783702052	0.012534762248976936	0.33333333333333337
18	0.003978990927900684	0.011200693149521839	0.4082482904638631
19	0.003978990927900684	0.011200693149521839	0.4082482904638631
20	0.	0.011200693149521839	0.4082482904638631
21	0.003978990927900684	0.011200693149521839	0.4082482904638631
22	0.003978990927900684	0.011200693149521839	0.4082482904638631
23	-0.010470107842110773	0.011200693149521839	0.4082482904638631
24	0.	0.011200693149521839	0.4082482904638631
25	-0.009003242900519494	0.016332281618433073	0.26352313834736496
26	0.01340383772529333	0.01430445283998396	0.3118047822311618
27	-0.025121259863094048	0.037588282194596416	0.11180339887498951
28	-0.0031357831341543643	0.02992030216119677	0.1394433377556793
29	-0.021765926083038317	0.046718817544199306	0.08947924869885988
30	0.21741263088280538	0.08039015432624144	0.05291973040641213
31	0.477092302241068	0.08481316362691002	0.052669100447593285
32	2.0263866381360254	0.11622901726299803	0.04952558843403632
33	1.1734332120186173	0.11330664460506834	0.0416401729482973
34	0.8368529065497631	0.06849366922744611	0.09805806756909202
35	0.24796224922046187	0.048458148346795474	0.10113481847178683
36	0.2488229544091377	0.07831798923568344	0.05476518973026525
37	-0.11506620189364125	0.13584036741511513	0.03073181485764296
38	1.505665414847486	0.1706968753219035	0.0255218165555345
39	2.4945456870562923	0.1801861104169435	0.025319234560679072
40	2.5376559353254957	0.16627149526187512	0.02840354297476957
41	1.9793148963338507	0.14556316423526977	0.03257731633631907
42	1.6571661922400784	0.10036619231017775	0.06162703473873124
43	0.20545816070417383	0.05950312058778943	0.07396878038321622
44	0.2119492776183839	0.05843942019437962	0.075843924742646
45	0.05049706516194852	0.06773590194366333	0.06172432912884341
46	-0.021326824791235655	0.07424711970398554	0.05619652439165192
47	0.16777627090953273	0.0752325713849788	0.05631382918337084
48	-0.10363831998146006	0.060599355345422726	0.07027283689263067
49	-0.1071957070124876	0.06412470603899338	0.0661841512776426
50	0.013421335120222838	0.0554894207714433	0.0751981509397798
51	-0.20142667759148458	0.07140438606007463	0.061149948808778574
52	-0.19409235288352816	0.07670845893255884	0.05601535939781836
53	-0.1153557421192608	0.07273086138409714	0.05802319688131761
54	-0.10215395764493929	0.08187710656476661	0.051219037295174664
55	-0.15136871372133875	0.0797292411172211	0.05306232436631079
56	-0.1645530008007307	0.08841452343298324	0.047689189132420956
57	-0.11324772263489497	0.08699092092412192	0.04819831734382341
58	-0.27343512340071097	0.10053353757839019	0.042278857452653425
59	-0.09795541607113722	0.09156793316454923	0.04569270484291851
60	-0.0005711649630564253	0.09683652164901489	0.04307358198789785
61	0.03168236635702226	0.09979729104853233	0.04180431353678943
62	-0.04327730673031627	0.10853205127638181	0.03844299890756114
63	0.030637105312304125	0.10128132829449815	0.041190771360245265
64	0.1619438059330267	0.10382858773786889	0.04034607381270609
65	-0.039298315802415607	0.1086049654622821	0.038415201958997
66	0.13744620321777756	0.10695474746077285	0.03910794314370442
67	0.031278259855078705	0.11125838989493608	0.03749507288761833
68	0.1521148526336905	0.11406366928510353	0.036665299018321655
69	-0.006825233836435629	0.11849987060926995	0.03519933061566604
70	-0.04932932235272358	0.12342871850950528	0.0338010990558831
71	0.2800662194743573	0.11297442129498307	0.03724917968897286
72	0.4796394230172365	0.11314107000364132	0.03776538907132407
73	0.13515362787736962	0.11508952748202872	0.036316124210664436
74	0.0333862793394446	0.12106226268977337	0.03445780546696175
75	0.2959821831859599	0.1132543568351946	0.03718996424917849
76	0.172431411170067	0.1163838945899039	0.03595138411152491
77	0.07297413536747954	0.12658538678024775	0.03296468078316447
78	0.20991124771373615	0.11240710606139194	0.03730111907700277
79	0.04552530537411825	0.1161641233052898	0.035915250592059224
80	-0.04450712363107656	0.127128036923114	0.032815472623777805
81	-0.10983989667005067	0.1302327325103458	0.03205726102133062
82	-0.18272654506288244	0.12372953044160938	0.033820368317668645
83	0.02102770265886922	0.11896657478486942	0.0350626679105225
84	-0.069224276992227	0.12310762246456193	0.03389688446062973
85	0.04847653265223051	0.1291619236426211	0.03229911445116914
86	-0.00011456627632400185	0.12482690913095966	0.033415034994802716
87	-0.26606580390289547	0.1290019782569841	0.032527406572982864
88	0.08909215233005408	0.12197427848045717	0.03422113175489465
89	-0.21936317381280546	0.13088127054830886	0.03198870938417945
90	-0.053106260029652574	0.11836110498554965	0.03525124364927274
91	-0.058956222401088	0.12749638646387496	0.03272458621439544
92	-0.15507566181854937	0.12895459780723378	0.032408007561252616
93	-0.14543126437525555	0.1359524429117672	0.030722329616776727
94	-0.21809836212218592	0.1360018097514591	0.030766051759989373
95	0.1408190343927629	0.12281508622837922	0.03402069087198859
96	-0.10564135509624872	0.13653347729300855	0.03057122348044822
97	-0.1395638046088905	0.1382445217440128	0.030207113790374652
98	-0.14480760722741048	0.1331507797502293	0.03137217729759059
99	0.19045539436603565	0.12604040035117792	0.033185632036070084
100	0.1106735225570501	0.12953377997762963	0.032228852839740085
101	0.03487064167596521	0.13299492531185175	0.03136532457849033
102	0.1525714513204226	0.13861805787447104	0.030128215236495965
103	0.0034603181496328794	0.13422562956969625	0.031075277848495036
104	0.5713757650048535	0.12177865018086308	0.03513144805620606
105	0.18858442292250066	0.134714484289682	0.031027937721586633
106	0.21497049447621408	0.1345425530991099	0.031086959460015218
107	0.21434683732836923	0.13731582275910545	0.030452363051254323
108	0.3594614821763287	0.13101065109454144	0.032097036938318474
109	0.4662530826868726	0.12438144072576303	0.03407830427629538
110	0.2920381870479185	0.1362337471640092	0.03076148382040729
111	0.4469992825901439	0.1323333019837056	0.03189312646756632
112	0.4164321668575577	0.1369380485431589	0.030736948058184825
113	0.39738042001180074	0.13994257445469765	0.030034242749722478
114	0.36156950166069457	0.13943253861911054	0.030108981037350373
115	0.3892028875100979	0.13374328383733922	0.031460372304402885
116	0.34878932108324623	0.13595175198994375	0.030885487583877876
117	0.154459920158887	0.14081056302223707	0.029657743361395216
118	0.6683559096109908	0.1350614497268334	0.031605171243663986
119	0.37495584199105836	0.12950518039955822	0.032504830252322606
120	0.5121300023781461	0.13387509469433834	0.031613479886327324
121	0.6559798355354861	0.12191846137600006	0.035344945015575106
122	0.7508519606572576	0.12648329795343752	0.034202272744854566
123	0.7175531682924609	0.1253564734910214	0.03444797213081565
124	0.4626956956558451	0.12613658808340664	0.03356929558705903
125	0.5931591884828215	0.12458671748482578	0.034326563473819446
126	0.7232010774129245	0.12115169445308545	0.03582886656114754
127	0.5475018194374496	0.121387995399245	0.035186623328486266
128	0.5789121429637818	0.12002573037632737	0.035717629591987377
129	0.6561818887864579	0.11685309672232544	0.037080712175340765
130	0.5818458728469643	0.12132772346684657	0.03530527922096783
131	0.6842368785327344	0.11205359335841616	0.03905132016511427
132	0.5925180339400469	0.11576410632284988	0.03722810481414367
133	0.4802805775600111	0.12215327904925259	0.03477277593792263
134	0.39294483039716765	0.11560123899896381	0.03664012657447586
135	0.4599640190236344	0.11994470940125779	0.03540504289308262
136	0.4861305399314466	0.11258528409405523	0.03799205289371502
137	0.552104467513195	0.11830866921011406	0.03620254314812113
138	0.5418364129220561	0.11356539683283613	0.037837902375849344
139	0.44989801768346727	0.10989734505523535	0.03887001831659349
140	0.3921016226034213	0.11159117172910192	0.03803628871563654
141	0.5340804843172267	0.10796281586498588	0.040006613209931936
142	0.5489511869841113	0.10962530385447762	0.03939211145575126
143	0.3234135157843916	0.11172218892714636	0.03778966119556889
144	0.5447526454103091	0.10167045510165353	0.04291731188110411
145	0.5206766465919332	0.10701099120392035	0.04034269120328386
146	0.5518674194723643	0.09724962379343347	0.04528329184054693
147	0.44507581896182025	0.10559610424236074	0.04058468090962007
148	0.37974304592284613	0.10931406165882848	0.038840337629880685
149	0.43313884617811826	0.10537096433434862	0.040625836244008375
150	0.47061868272178753	0.10096131287742705	0.04280196602828687
151	0.43334089942909004	0.09946645220402955	0.04330375490218145
152	0.46286275411695793	0.0946153103341685	0.046046409931853466
153	0.3755445043490442	0.10133478312870144	0.04212082057041015
154	0.38077080957263487	0.09368402995910645	0.045950913880863
155	0.39270778235633685	0.0939371842019533	0.045896421227384195
156	0.3474720172078381	0.09215703041171547	0.04656172626880352
157	0.19419733725310528	0.10659532357090382	0.039346282945233554
158	0.3497820899431757	0.097780853796466	0.04365236210244436
159	0.40108736810901147	0.09649553222046683	0.04459368629282165
160	0.32884187425895417	0.09889561004218902	0.043016439632714246
161	0.2626658934262338	0.09832757334838343	0.04298593692394491
162	0.4381456007558075	0.08914037181088873	0.04914044487125802
163	0.3164832975783789	0.09631882554357148	0.044191000756153204
164	0.49218255555385404	0.09602085083928177	0.04549114687985394
165	0.38830718753156307	0.0913938388616901	0.04730385101646223
166	0.3478936211047112	0.09459622973151027	0.04524581937010139
167	0.3470504133109649	0.08965149094797606	0.04800467086792785
168	0.3533394769742032	0.09550601715525238	0.04480713119395759
169	0.4360550786663712	0.09242738883863573	0.047088734617477715
170	0.5480904817954353	0.09073142756766234	0.0492571706602607
171	0.3966867732842376	0.0940214174781258	0.04587856443408993
172	0.535310301217987	0.08528562593914274	0.053131950855212086
173	0.3857950615452536	0.0921635593806502	0.04683862935484393
174	0.2574220908077136	0.09102688633829546	0.04660913307101069
175	0.2442378037283216	0.09872319940722406	0.04273394094725966
176	0.5302860492453682	0.0869264849369828	0.051771728683116296
177	0.4691343203852666	0.08462628425493099	0.052704627669472995
178	0.45112783458422767	0.08772168963559693	0.05022503963052632
179	0.39793408757992743	0.08562799643474972	0.051084724945985746
180	0.38410864595776095	0.08168236025769193	0.0538424466939606
181	0.31668535082935073	0.08982121766820403	0.047673129462279626
182	0.299522072822058	0.09753150690596414	0.04351941398892446
183	0.4282991500615416	0.08544994124764312	0.051563129436574186
184	0.48295976200743307	0.08844067945780676	0.05008768258041039
185	0.32464333268515205	0.08999731040985347	0.047628967220784024
186	0.3759486108509878	0.08859914362087712	0.048894079898977906
187	0.47311331131316736	0.08471977546948939	0.05268678286528129
188	0.406937330480447	0.08405599532791044	0.05232424542357449
189	0.5931066962980328	0.08305705770220205	0.0560649164255256
190	0.28087443247824456	0.08902449002471198	0.04788286707618526
191	0.5160390037263285	0.08025297229527727	0.05725464140772672
192	0.4035819967003913	0.07934507795810736	0.05606732960649929
193	0.47458017625475857	0.08564204936968214	0.05200214336451228
194	0.4274559422677954	0.07994145113146263	0.055938261955431966
195	0.45153194108617134	0.07263721367959988	0.0640477603735075
196	0.3901781589750979	0.07804501281393199	0.056996382083615356
197	0.2930134585129184	0.08223984387071098	0.05234101343067507
198	0.2004514061264845	0.08183920575037425	0.051782375825374496
199	0.27520902596285124	0.07802187997550727	0.05531220985858873
200	0.31186315210770366	0.08450421246525487	0.0509623124798109
201	0.42116687860455715	0.07284659309356686	0.06297077789868111
202	0.4605351839866908	0.07077726604123705	0.06675015657623452
203	0.286302790952807	0.07227623406835594	0.06057367692188583
204	0.3849343563565778	0.06861928578023851	0.06720490742712958
205	0.351011906843936	0.07196362797622417	0.06224515141325368
206	0.2239037477970155	0.07960603862501368	0.05354149040235773
207	0.4190763565151209	0.07683386262764993	0.05866634319966934
208	0.48356592176034857	0.0647561483635053	0.07793044269886355
209	0.38242223037026835	0.06964118233361712	0.0657951694959769
210	0.3736210407207207	0.06250738107610845	0.07629599223663423
211	0.31373412355123864	0.06985092818011206	0.06371088354681734
212	0.304309276753846	0.06848625530262377	0.06504968033649226
213	0.3472349691670072	0.0628765963773645	0.07438597929466854
214	0.4088083019239819	0.06930801247919276	0.06704983317348016
215	0.32022524046544876	0.06894705679427822	0.06491690807686747
216	0.2938391689117352	0.06928196246932958	0.06387875020932195
217	0.3057761416954373	0.06962389984778604	0.0637766439808518
218	0.42534792278342953	0.06413262417405005	0.07594483161917229
219	0.16630940596794153	0.07418099171996526	0.057144923904423287
220	0.28294745717275127	0.06673893209151767	0.06658733828529365
221	0.2207504672679316	0.06601429709150532	0.06589066102563249
222	0.2938391689117352	0.06928196246932958	0.06387875020932195
223	0.1424354604005374	0.07353791756455752	0.05743353646704259
224	0.34618970812228905	0.06520639947485558	0.0706699187657905
225	0.25802825056062906	0.06824587170197732	0.06421264586426019
226	0.3147793845959568	0.06768119389572508	0.06630347874705755
227	0.2261963231374236	0.06731151501732985	0.06454972243679029
228	0.3323642665001226	0.05993103316573396	0.07894974560201766
229	0.31331251965436546	0.06651032808904461	0.0677506052778693
230	0.16546619817419517	0.06776254630941728	0.06295001161798117
231	0.12903162267524404	0.07213326520184936	0.05847363675245056
232	0.23833534917209742	0.0580419860932334	0.07762297853977018
233	0.2854595831590607	0.06567189018813259	0.06800310248258232
234	0.30095394297379024	0.06261468047501793	0.07285009543368753
235	0.2098587555289477	0.06334020961127412	0.06884663322578362
236	0.15959873840783004	0.06295459970313855	0.06810447066039946
237	0.1918522697279087	0.06742009343903163	0.06375207828283026
238	0.3105808430221547	0.053850888595653935	0.09140335757035692
239	0.258651907708474	0.06247849565073966	0.07148847874615967
240	0.22388625040208598	0.0588443959869435	0.07567723100487063
241	0.17153571119153213	0.06333070921910917	0.06791878456016136
242	0.2119492776183839	0.05843942019437962	0.075843924742646
243	0.15813187346623878	0.06169409501033332	0.06960924472158932
244	0.2552965739284183	0.05598029532247863	0.08232535126333675
245	0.21886199842946713	0.06119835562117936	0.0719695470732691
246	0.19247592687575366	0.06157542053242106	0.07065231188657235
247	0.2682788077568385	0.05369248001659481	0.08823942025078865
248	0.26074242979791024	0.05750431373240287	0.07968190728895957
249	0.2626308986363747	0.06260506998305976	0.07144477389479516
250	0.2777036545542311	0.05542262545729354	0.08492077756084469
251	0.28608324030690563	0.05965618639587088	0.07706703241581395
252	0.23686848423050616	0.05667232027196982	0.07998316321143092
253	0.24335960114471622	0.05555444498848833	0.08247860988423227
254	0.2035696918657094	0.05411074449622567	0.0830623299056236
255	0.24838385311733507	0.05295017059756137	0.08849276392530343
256	0.22388625040208598	0.0588443959869435	0.07567723100487063
257	0.23288949330260544	0.056532464267926665	0.08003683959034101
258	0.2069250256457651	0.06080905873571295	0.0721315352417581
259	0.1706925033977858	0.05567514598071322	0.07866845295412946
260	0.23351315045045043	0.04941642369315237	0.09650764472411541
261	0.23246788940573232	0.052348744885561384	0.08871510790372954
262	0.21152767372151077	0.05440254964194645	0.0829355585880199
263	0.2808394376883855	0.04665236254641479	0.11331853993401471
264	0.2125729347662289	0.05158710349566071	0.08902155133060305
265	0.21613032179725641	0.04713314323027385	0.10162497393670183
266	0.08651003676402644	0.05933952073168731	0.07106690545187015
267	0.28670689745475064	0.05296153311334213	0.09165609681853358
268	0.20650342174889197	0.0569404355376087	0.07806957253647781
269	0.2429379972478431	0.051291012203583584	0.09220457419067399
270	0.1784484320026154	0.06588513966196347	0.06514466333088098
271	0.21152767372151077	0.05440254964194645	0.0829355585880199
272	0.2295341595225497	0.049255969808915896	0.0965680942413012
273	0.1930995840235986	0.055114388576498294	0.08063823691354649
274	0.1329931162082152	0.04842088259197358	0.0907000315683282
275	0.2823063026299768	0.04830696839794962	0.10640706634484358
276	0.19770223209934426	0.04795301462246464	0.09710728377111323
277	0.17927414240143213	0.04875910204258385	0.0932838876863722
278	0.1840963411230791	0.05748338239026173	0.07627392542713822
279	0.2211545737698752	0.044033593983428	0.11415291512216423
280	0.21613032179725641	0.04713314323027385	0.10162497393670183
281	0.29173114942736944	0.050222984758450114	0.10059008792355678
282	0.30471338325578956	0.04765959655712605	0.11305730797793678
283	0.1459753500366354	0.04575664778943274	0.09826537872559521
284	0.1648250436314207	0.04971157633208002	0.08992217165894056
285	0.06368135224134047	0.05592652633024881	0.07515710994248626
286	0.19476850221616174	0.04455615650059543	0.10773645092141683
287	0.13236945906037023	0.05566433738551951	0.07726795488874928
288	0.1470206110813535	0.04237053995943126	0.10887354258892318
289	0.11979133173389368	0.030504089713353097	0.1731206522455312
290	0.14408688119817095	0.03848405029589539	0.1244646656342795
291	0.14911113317078972	0.034618583672774414	0.15023130314433292
292	0.1271256564418501	0.041425847154067726	0.10949426336887164
293	0.14262001625657966	0.03638546224165125	0.1355261854357877
294	0.17047295275188445	0.03787780938978442	0.13473960778019917
295	0.12272506161707623	0.035280873267495086	0.13623731522826654
296	0.03812099108644375	0.0347946609999128	0.12198750911856665
297	0.09278160303233521	0.041602040308519904	0.1050347985414802
298	0.17549720472450325	0.033943374206179294	0.1714069481682172
299	0.11476707976127486	0.034829230265804284	0.13656790856857132
300	0.08377836013181571	0.044693099922644905	0.09613752775282004
301	0.14262001625657966	0.03638546224165125	0.1355261854357877
302	0.23622732968773164	0.03303377096386391	0.290993847623689
303	0.1042969719191641	0.03636892133585827	0.12598815766974245
304	0.23100102446414106	0.05082588736515293	0.09237755128757119
305	0.21968770882828395	0.042211812735998555	0.12272977556027995
306	0.1658703046761388	0.046613653160289634	0.09776923610938039
307	0.173406682635067	0.0418206763867539	0.11510363993491814
308	0.21759718673884768	0.04877144098141747	0.09675815168602321
309	0.3122497612147178	0.042983409084038894	0.14754546052436965
310	0.19078951128826102	0.04437813327869072	0.10781649287222109
311	0.26094448304888207	0.04579608156972107	0.11356419064487448
312	0.20021435808565366	0.0464564711913017	0.10190871103779787
313	0.1807410073430234	0.050344516053265245	0.08959182734320989
314	0.2186424477835658	0.045609706148269015	0.10729938440986901
315	0.22555516859464905	0.04909499152675881	0.09662996117970019
316	0.2186424477835658	0.045609706148269015	0.10729938440986901
317	0.3112045001699997	0.04632474087308289	0.12155415958157882
318	0.2519412401483626	0.04862123517563445	0.10107973914385379
319	0.23602527643675983	0.04796556092434539	0.10130782459176729
320	0.0615733327569747	0.029157061268480618	0.15504341823651058
321	0.0969626472112077	0.023175355788896967	0.2939723678960657
322	0.09193839523858889	0.02862993027602552	0.174544979362881
323	0.09193839523858889	0.02862993027602552	0.174544979362881
324	0.04963635997327265	0.028330850947350397	0.1563858105428061
325	0.09842951215279899	0.0263480052486016	0.21081851067789195
326	0.06555232368487539	0.029427310285145815	0.15466012118972286
327	0.07455556658539486	0.024479035270092687	0.21245914639969937
328	0.05466061194589145	0.022804853074134507	0.21459876881973802
329	0.16460549298551932	0.028394495692217026	0.29193710406057116
330	0.02869614428905111	0.03196691151568828	0.13233320556340347
331	0.037699387189570596	0.027479810934357553	0.158113883008419
332	0.0615733327569747	0.029157061268480618	0.15504341823651058
333	0.05759434182907401	0.02888428384103744	0.15545631755148026
334	0.050681621017990765	0.022455042973206395	0.2151657414559676
335	0.11287861092281043	0.024503603636184285	0.2932942300427066
336	0.1987474931440624	0.04473347125933632	0.10765860665480702
337	0.2439832582925612	0.04829451078948539	0.10119116273727664
338	0.2550770232825169	0.03832492698736732	0.17010345435994298
339	0.196235367157753	0.04628575749346584	0.10198437022737741
340	0.196235367157753	0.04628575749346584	0.10198437022737741
341	0.1445084850950441	0.04400625583127724	0.1031898645611484
342	0.2096392048830463	0.04844572961361254	0.09689265015473797
343	0.24209478945409674	0.04146939935237219	0.13338962775565721
344	0.2584323570625726	0.047313517972928286	0.10670360310096694
345	0.2356036725398867	0.042955402566804954	0.12247448713915893
346	0.16398183583767437	0.03949916418354426	0.12389865694583804
347	0.20419334901355438	0.04662655985972547	0.10183501544346311
348	0.21026286203089128	0.039913057164441816	0.1339003096683982
349	0.17927414240143213	0.04875910204258385	0.0932838876863722
350	0.24062792451250548	0.03952961950244589	0.1483477072742317
351	0.231624681611986	0.04277071709560125	0.12253577034896798
352	0.23602527643675983	0.04796556092434539	0.10130782459176729
353	0.2048170061613993	0.03768420755129802	0.14892084929531765
354	0.1824099255355865	0.038499682473778774	0.13445852909056288
355	0.2085939438383282	0.05143342180205098	0.08908708063747482
356	0.20670547499986378	0.04508600878896357	0.10750915857768673
357	0.24545012323415247	0.04989468946725792	0.09633432944855658
358	0.21172972697248257	0.04183506181243644	0.12286829679574764
359	0.16691556572085695	0.043294624383118756	0.10834859477361941
360	0.21172972697248257	0.04183506181243644	0.12286829679574764
361	0.23958266346778737	0.04313929738046958	0.1224147871662532
362	0.24607378038199745	0.04165985419382603	0.13333333333333336
363	0.23664893358460481	0.03932885008748456	0.14840420992616593
364	0.18932264634666976	0.042571098748597734	0.11474924037826206
365	0.25947761810729075	0.04404725669666805	0.12213801813215669
366	0.2500527713098981	0.041849442293239225	0.1332784974957958
367	0.24900751026518	0.045274540094048424	0.11372584793759088
368	0.16942769170716632	0.04163095728711123	0.11519931476940798
369	0.284396824719413	0.04167429513327881	0.14781607996403828
370	0.19288003337769727	0.03704864899502219	0.14915013480337325
371	0.22324509585931146	0.036635243661705175	0.17052818274734274
372	0.22219983481459332	0.0405036941355347	0.1336951612260732
373	0.17298507873819385	0.03596443449207535	0.1495879113092918
374	0.19832588924718925	0.03931354761146661	0.13412463602715943
375	0.15749071892346428	0.04105654026130711	0.11550559949178787
376	0.18136466449086838	0.04219755574739166	0.11492103914468943
377	0.17047295275188445	0.03787780938978442	0.13473960778019917
378	0.20879599708930002	0.037893691659346446	0.14884920105961155
379	0.34366008474105014	0.038970552752168514	0.2902923748935689
380	0.1824099255355865	0.038499682473778774	0.13445852909056288
381	0.13655050323924273	0.043644997590550856	0.10342166537266098
382	0.2934000676199325	0.038340624042806325	0.2066918454785814
383	0.17487354757665827	0.04365878191250842	0.10816061181741692
384	0.2023048801750899	0.0395143947771362	0.1340475661845451
385	0.19728062820247114	0.04294139245846007	0.11458731212852642
386	0.21172972697248257	0.04183506181243644	0.12286829679574764
387	0.2157087179003833	0.04202385948071278	0.12279806626883456
388	0.18681052036036036	0.04419939303312796	0.10789882697576049
389	0.2096392048830463	0.04844572961361254	0.09689265015473797
390	0.19581376326087982	0.04107119333100894	0.12317037050744054
391	0.24460691544040614	0.039729374357173886	0.14829275350043492
392	0.1817862683877415	0.04728807604634643	0.09742043287083436
393	0.14806587212607164	0.038689203868538344	0.12434313786017326
394	0.156023853981873	0.039096281582651236	0.12411301464407515
395	0.16042444880664683	0.044720018196609514	0.10276839296492182
396	0.19288003337769727	0.03704864899502219	0.14915013480337325
397	0.2356036725398867	0.042955402566804954	0.12247448713915893
398	0.2326699426567041	0.03912705049450468	0.14846232788802813
399	0.19728062820247114	0.04294139245846007	0.11458731212852642
400	0.21822084388669266	0.040307776790845615	0.13376156721100835
401	0.20083801523349865	0.03747355240653054	0.1489948104865152
402	0.2749719779220203	0.03934414661177208	0.16988239714587522
403	0.1321499084144689	0.03786192045794902	0.12485819621073235
404	0.19036790739138787	0.03890874308160597	0.13428621256572063
405	0.24209478945409674	0.04146939935237219	0.13338962775565721
406	0.26156814019672703	0.03665166437635938	0.2069791670358504
407	0.24900751026518	0.045274540094048424	0.11372584793759088
408	0.17696406966609451	0.03618387648026528	0.1494940963666621
409	0.17591880862137643	0.040095898513582834	0.12360330811826108
410	0.1798977995492771	0.04029284609475793	0.12351116997044491
411	0.19581376326087982	0.04107119333100894	0.12317037050744054
412	0.2301578166703947	0.04089271299673794	0.13356786884147873
413	0.18136466449086838	0.04219755574739166	0.11492103914468943
414	0.231624681611986	0.04277071709560125	0.12253577034896798
415	0.20566021395514564	0.04828204996674167	0.09696241231378995
416	0.21466345685566515	0.04543581105391575	0.10736748938937604
417	0.23057942056726785	0.04612745821465124	0.10710517722006613
418	0.22324509585931146	0.036635243661705175	0.17052818274734274
419	0.1878557814050785	0.04068388113275922	0.12333547831682584
420	0.23958266346778737	0.04313929738046958	0.1224147871662532
421	0.14744221497822668	0.04744250290156051	0.09401267913629438
422	0.20083801523349865	0.03747355240653054	0.1489948104865152
423	0.23371520370142224	0.03510723458102446	0.2072890493972125
424	0.15895758386505554	0.04292737777766898	0.1085485462143363
425	0.14346322405032597	0.047275349948575324	0.09411593307091451
426	0.1878557814050785	0.04068388113275922	0.12333547831682584
427	0.22617882574249404	0.04069866837415278	0.1336306209562122
428	0.18387679047717778	0.04048883568615138	0.12342193852955913
429	0.21130812307560942	0.03598116134506446	0.17071583991052802
430	0.2973790585478332	0.03854654097057393	0.2066599461272874
431	0.23916105957091421	0.03748960593777658	0.17030345849059034
432	0.22219983481459332	0.0405036941355347	0.1336951612260732
433	0.1824099255355865	0.038499682473778774	0.13445852909056288
434	0.26848086100781027	0.04090742474952881	0.14799226128993842
435	0.17445194367978512	0.038086228652534714	0.1346426937147361
436	0.18429839437405096	0.045769796157848264	0.10222394753547455
437	0.29633379750311506	0.04224031227711952	0.14769470366332058
438	0.2356036725398867	0.042955402566804954	0.12247448713915893
439	0.19832588924718925	0.03931354761146661	0.13412463602715943
440	0.2525648972962075	0.04012590091725166	0.1481872445909548
441	0.2471190414267156	0.037909567275008625	0.17020062857772877
442	0.2052386100582725	0.04330852022270125	0.11443442705426587
443	0.22869095172880344	0.038924204700869644	0.14852213144650117
444	0.20837439319242684	0.031311394770319745	0.2912876325017677
445	0.24062792451250548	0.03952961950244589	0.1483477072742317
446	0.2630350051383183	0.038735833103157445	0.17001148168257318
447	0.2023048801750899	0.0395143947771362	0.1340475661845451
448	0.20732913214770876	0.035760475429379365	0.17078251276599335
449	0.19581376326087982	0.04107119333100894	0.12317037050744054
450	0.1807410073430234	0.050344516053265245	0.08959182734320989
451	0.26805925711093714	0.034898266067636456	0.2907297878164698
452	0.2192661049314108	0.036418521515132835	0.17058877190638638
453	0.20732913214770876	0.035760475429379365	0.17078251276599335
454	0.19685902430559798	0.03726170636404987	0.14907119849998599
455	0.2048170061613993	0.03768420755129802	0.14892084929531765
456	0.18932264634666976	0.042571098748597734	0.11474924037826206
457	0.23664893358460481	0.03932885008748456	0.14840420992616593
458	0.19288003337769727	0.03704864899502219	0.14915013480337325
459	0.1824099255355865	0.038499682473778774	0.13445852909056288
460	0.2540317622377988	0.0420381753773814	0.13322506426689293
461	0.20083801523349865	0.03747355240653054	0.1489948104865152
462	0.1509996020092542	0.04255696212440541	0.10876164785988551
463	0.22471196080090272	0.03872029626424475	0.14858369502694668
464	0.19539215936400667	0.03509009114439997	0.1709963920141924
465	0.2177992399898195	0.03419339767718055	0.20749832663314555
466	0.1683824306624482	0.045072660950000704	0.10257624248277727
467	0.27895096884992104	0.039544838366251195	0.1698415551216894
468	0.2192661049314108	0.036418521515132835	0.17058877190638638
469	0.27099298699411967	0.039142425880421626	0.16992430375272388
470	0.17445194367978512	0.038086228652534714	0.1346426937147361
471	0.19937115029190738	0.03531496659104484	0.17092267078118456
472	0.17885253850455898	0.04383972635507992	0.1080707774067205
473	0.2004164113366255	0.030801602309850292	0.2913857587071793
474	0.24314005049881487	0.03770017138122968	0.17025130615174977
475	0.2640802661830364	0.03467068799033602	0.2907594586628824
476	0.19581376326087982	0.04107119333100894	0.12317037050744054
477	0.1889010424497966	0.036834359279781737	0.14923174911033088
478	0.25654388822410823	0.0403227019583933	0.1481365736219265
479	0.17403033978291196	0.03154413396912872	0.20824828195876072
480	0.26848086100781027	0.04090742474952881	0.14799226128993842
481	0.1130981615687118	0.04759642872069406	0.0912870929175277
482	0.2048170061613993	0.03768420755129802	0.14892084929531765
483	0.22722408678721212	0.036850691268371406	0.17046943731891967
484	0.1798977995492771	0.04029284609475793	0.12351116997044491
485	0.21528711400351008	0.036200501937733914	0.17065129299036433
486	0.18387679047717778	0.04048883568615138	0.12342193852955913
487	0.16753922286870188	0.033473689890600435	0.17159383568311673
488	0.16502709688239248	0.035521483791167104	0.14978617237881955
489	0.2356036725398867	0.042955402566804954	0.12247448713915893
490	0.20335014121980804	0.0355384191281904	0.17085141836200501
491	0.22177823091772017	0.03442413126738468	0.2074434546695699
492	0.22471196080090272	0.03872029626424475	0.14858369502694668
493	0.1939252944224154	0.03277490246947991	0.20786985482077452
494	0.2416731855572236	0.03555534639875854	0.20719385350268701
495	0.19330163727457042	0.042756646471246725	0.11466709641082427
496	0.19581376326087982	0.04107119333100894	0.12317037050744054
497	0.22973621277352158	0.034881019926641534	0.2073388964700497
498	0.2829299597778217	0.039744516731459296	0.16980173761906237
499	0.24754064532358874	0.04350475509745137	0.12229989761755716
500	0.23664893358460481	0.03932885008748456	0.14840420992616593
501	0.17800933071081265	0.03179409940015059	0.20816659994661327
502	0.21130812307560942	0.03598116134506446	0.17071583991052802
503	0.31182815731784463	0.03731011969124491	0.29045161372885414
504	0.16398183583767437	0.03949916418354426	0.12389865694583804
505	0.21130812307560942	0.03598116134506446	0.17071583991052802
506	0.249631167413025	0.03599788042571873	0.2071042173948785
507	0.20586226720611744	0.033491660727662756	0.2076743965219599
508	0.20879599708930002	0.037893691659346446	0.14884920105961155
509	0.25612228432723505	0.03421099045795953	0.290821447675134
510	0.24816430247143367	0.033745031197288375	0.2908872369413698
511	0.24314005049881487	0.03770017138122968	0.17025130615174977
512	0.2825083558809486	0.03512436965031347	0.2907009498669056
513	0.19832588924718925	0.03931354761146661	0.13412463602715943
514	0.2525648972962075	0.04012590091725166	0.1481872445909548
515	0.20879599708930002	0.037893691659346446	0.14884920105961155
516	0.22471196080090272	0.03872029626424475	0.14858369502694668
517	0.28397522082253984	0.03579411194239647	0.29061909685954823
518	0.17947619565240397	0.03417579584011225	0.17131872291668226
519	0.18994630349451472	0.03253247397723703	0.20793988003913974
520	0.21277498801720068	0.038102024045684746	0.14877975892797607
521	0.24607378038199745	0.04165985419382603	0.13333333333333336
522	0.2376941946293229	0.03533200091604487	0.20724072463856602
523	0.21424185295879195	0.04011090252059053	0.13382992102364116
524	0.244185311543533	0.03350962192716669	0.2909216675785196
525	0.15204486305397233	0.038893275315735984	0.12422599874998834
526	0.22575722184562086	0.034653328589306504	0.20739033894608505
527	0.2525648972962075	0.04012590091725166	0.1481872445909548
528	0.20984125813401813	0.03372719536369996	0.20761369963434992
529	0.16209336699920993	0.030782061033163333	0.20851441405707477
530	0.20732913214770876	0.035760475429379365	0.17078251276599335
531	0.2521432933993344	0.033978809562877306	0.29085384576443135
532	0.14262001625657966	0.03638546224165125	0.1355261854357877
533	0.14911113317078972	0.034618583672774414	0.15023130314433292
534	0.1595812410129005	0.03299732075916852	0.17179606773406925
535	0.19937115029190738	0.03531496659104484	0.17092267078118456
536	0.22973621277352158	0.034881019926641534	0.2073388964700497
537	0.24209478945409674	0.04146939935237219	0.13338962775565721
538	0.2004164113366255	0.030801602309850292	0.2913857587071793
539	0.25361015834092565	0.036217119763292324	0.20706133423521084
540	0.23120307771511284	0.037064886560748314	0.17041245271518177
541	0.19330163727457042	0.042756646471246725	0.11466709641082427
542	0.23664893358460481	0.03932885008748456	0.14840420992616593
543	0.19036790739138787	0.03890874308160597	0.13428621256572063
544	0.13528569154862327	0.025454345357368194	0.29288959306450313
545	0.10680909790547351	0.03437165319416256	0.13693063937629155
546	0.2466974375298424	0.03303377096386391	0.290993847623689
547	0.23078147381823969	0.03206088814857996	0.29115307819518027
548	0.2291125556256766	0.04439168995100343	0.11402303772848749
549	0.25361015834092565	0.036217119763292324	0.20706133423521084
550	0.2655471311246277	0.03686701602193493	0.2069397836909908
551	0.22575722184562086	0.034653328589306504	0.20739033894608505
552	0.19979275418878054	0.041263486164373336	0.12309149097933277
553	0.19937115029190738	0.03531496659104484	0.17092267078118456
554	0.1889010424497966	0.036834359279781737	0.14923174911033088
555	0.1849220515218959	0.03661881558362759	0.1493161800925369
556	0.18387679047717778	0.04048883568615138	0.12342193852955913
557	0.14617740328760717	0.029735598299548787	0.20892772350933622
558	0.22073296987300206	0.03851530830704294	0.1486470975026408
559	0.26596873502150087	0.04259935792324132	0.13307266185559427
560	0.2919332026783412	0.03623372996744114	0.2905681065798577
561	0.23120307771511284	0.037064886560748314	0.17041245271518177
562	0.302403310520452	0.03623372996744114	0.2905681065798577
563	0.19288003337769727	0.03704864899502219	0.14915013480337325
564	0.10534223296388222	0.03200453528269717	0.1519394141939003
565	0.26010127525513577	0.0344416061895916	0.29078999901889985
566	0.25758914926882637	0.03643503990327135	0.20701966780270625
567	0.20837439319242684	0.031311394770319745	0.2912876325017677
568	0.18534365541876904	0.04238473876123979	0.11483385035264292
569	0.15204486305397233	0.038893275315735984	0.12422599874998834
570	0.23120307771511284	0.037064886560748314	0.17041245271518177
571	0.26805925711093714	0.034898266067636456	0.2907297878164698
572	0.1535117279955636	0.040863273601413966	0.115614662603216
573	0.2720382480388378	0.03512436965031347	0.2907009498669056
574	0.1798977995492771	0.04029284609475793	0.12351116997044491
575	0.2655471311246277	0.03686701602193493	0.2069397836909908
576	0.09298365628330701	0.022831223075815366	0.29417420270727607
577	0.17005134885501128	0.03129217184949016	0.20833333333333334
578	0.1824099255355865	0.038499682473778774	0.13445852909056288
579	0.20586226720611744	0.033491660727662756	0.2076743965219599
580	0.23916105957091421	0.03748960593777658	0.17030345849059034
581	0.26261340124144517	0.033978809562877306	0.29085384576443135
582	0.25109803235461625	0.03811781289348486	0.17015136407906223
583	0.25109803235461625	0.03811781289348486	0.17015136407906223
584	0.2048170061613993	0.03768420755129802	0.14892084929531765
585	0.2192661049314108	0.036418521515132835	0.17058877190638638
586	0.23224833875983095	0.03279325624711127	0.2910317054066663
587	0.29633379750311506	0.04224031227711952	0.14769470366332058
588	0.191413168436106	0.03486376525445841	0.17107271265714188
589	0.2749719779220203	0.03934414661177208	0.16988239714587522
590	0.2546554193856438	0.03350962192716669	0.2909216675785196
591	0.2471190414267156	0.037909567275008625	0.17020062857772877
592	0.2630350051383183	0.038735833103157445	0.17001148168257318
593	0.22973621277352158	0.034881019926641534	0.2073388964700497
594	0.25361015834092565	0.036217119763292324	0.20706133423521084
595	0.1570691150265911	0.03507293932817031	0.15000000000000002
596	0.2546554193856438	0.03350962192716669	0.2909216675785196
597	0.2192661049314108	0.036418521515132835	0.17058877190638638
598	0.3277441210294474	0.038149370985539006	0.2903682584067964
599	0.2908879416336231	0.04014089370985504	0.16972502573910522
600	0.2720382480388378	0.03512436965031347	0.2907009498669056
601	0.24020632061563235	0.03327254713569934	0.2909571869813232
602	0.27601723896673847	0.035349027032383476	0.29067291022856045
603	0.25612228432723505	0.03421099045795953	0.290821447675134
604	0.22722408678721212	0.036850691268371406	0.17046943731891967
605	0.2720382480388378	0.03512436965031347	0.2907009498669056
606	0.249631167413025	0.03599788042571873	0.2071042173948785
607	0.22324509585931146	0.036635243661705175	0.17052818274734274
608	0.10345376412541779	0.022831223075815366	0.29417420270727607
609	0.12628244864810376	0.02837329663980816	0.2095684110712273
610	0.26805925711093714	0.034898266067636456	0.2907297878164698
611	0.2998911845341426	0.03666807773748269	0.29051972291345285
612	0.24816430247143367	0.033745031197288375	0.2908872369413698
613	0.26010127525513577	0.0344416061895916	0.29078999901889985
614	0.2416731855572236	0.03555534639875854	0.20719385350268701
615	0.325231995043138	0.03995825825065885	0.2064570683527133
616	0.28146309483623044	0.03771612845426836	0.2067925479671278
617	0.28397522082253984	0.03579411194239647	0.29061909685954823
618	0.29382167151680566	0.043880882820456504	0.13275737671706586
619	0.28146309483623044	0.03771612845426836	0.2067925479671278
620	0.2825083558809486	0.03512436965031347	0.2907009498669056
621	0.18534365541876904	0.04238473876123979	0.11483385035264292
622	0.2959121936062419	0.03645155080593634	0.2905436015739883
623	0.18345518658030463	0.03440664746977464	0.17123372230469383
624	0.33570210288524877	0.03856214781623188	0.2903294469037952
625	0.24356165439568803	0.04332241160513696	0.12235660983837357
626	0.2630350051383183	0.038735833103157445	0.17001148168257318
627	0.20628387110299057	0.03971422620935329	0.13397282541141675
628	0.2630350051383183	0.038735833103157445	0.17001148168257318
629	0.2203113659761289	0.03206088814857996	0.29115307819518027
630	0.2376941946293229	0.03533200091604487	0.20724072463856602
631	0.2640802661830364	0.03467068799033602	0.2907594586628824
632	0.28146309483623044	0.03771612845426836	0.2067925479671278
633	0.2858636896610043	0.0435185838406307	0.13284223283101432
634	0.2825083558809486	0.03512436965031347	0.2907009498669056
635	0.18198832163871334	0.032042114872008254	0.20808809094893257
636	0.2640802661830364	0.03467068799033602	0.2907594586628824
637	0.27643884286361164	0.04129264023100235	0.14790199457749043
638	0.2829299597778217	0.039744516731459296	0.16980173761906237
639	0.2869089507057224	0.03994319690537507	0.16976290656219473
640	0.21675397894510134	0.038309223500121406	0.14871242253216313
641	0.2471190414267156	0.037909567275008625	0.17020062857772877
642	0.2998911845341426	0.03666807773748269	0.29051972291345285
643	0.25361015834092565	0.036217119763292324	0.20706133423521084
644	0.22177823091772017	0.03442413126738468	0.2074434546695699
645	0.3053370404036346	0.03895510952885086	0.20659846763533435
646	0.21319659191407384	0.04367256188373605	0.11428984780884657
647	0.30135804947573386	0.03875136371278372	0.2066288296705685
648	0.24858590636830685	0.03992812987878073	0.1482392857671301
649	0.3053370404036346	0.03895510952885086	0.20659846763533435
650	0.33570210288524877	0.03856214781623188	0.2903294469037952
651	0.2192661049314108	0.036418521515132835	0.17058877190638638
652	0.2351820686430135	0.03727785112590929	0.17035715092799938
653	0.2695261220525284	0.037081117016156934	0.206901472150592
654	0.22973621277352158	0.034881019926641534	0.2073388964700497
655	0.3754920121642556	0.04056307350588804	0.29015933530138743
656	0.21130812307560942	0.03598116134506446	0.17071583991052802
657	0.24062792451250548	0.03952961950244589	0.1483477072742317
658	0.26010127525513577	0.0344416061895916	0.29078999901889985
659	0.25654388822410823	0.0403227019583933	0.1481365736219265
660	0.3172740131873366	0.03956005137531693	0.20651164331225833
661	0.22177823091772017	0.03442413126738468	0.2074434546695699
662	0.319786139173646	0.037732078778986634	0.29040893477575785
663	0.2630350051383183	0.038735833103157445	0.17001148168257318
664	0.3262772560878561	0.03752169239492453	0.2904300147986344
665	0.29842431959255133	0.036014591744862615	0.2905932629027116
666	0.27350511298042907	0.03729398889861795	0.20686418924693756
667	0.24816430247143367	0.033745031197288375	0.2908872369413698
668	0.22575722184562086	0.034653328589306504	0.20739033894608505
669	0.27643884286361164	0.04129264023100235	0.14790199457749043
670	0.27601723896673847	0.035349027032383476	0.29067291022856045
671	0.24314005049881487	0.03770017138122968	0.17025130615174977
672	0.16460549298551932	0.028394495692217026	0.29193710406057116
673	0.06513071978800222	0.02025927356810783	0.2961744388795462
674	0.26805925711093714	0.034898266067636456	0.2907297878164698
675	0.22471196080090272	0.03872029626424475	0.14858369502694668
676	0.22575722184562086	0.034653328589306504	0.20739033894608505
677	0.2720382480388378	0.03512436965031347	0.2907009498669056
678	0.2785293649530479	0.034898266067636456	0.2907297878164698
679	0.25758914926882637	0.03643503990327135	0.20701966780270625
680	0.26805925711093714	0.034898266067636456	0.2907297878164698
681	0.2376941946293229	0.03533200091604487	0.20724072463856602
682	0.2774841039083298	0.03750565259763594	0.20682789409984761
683	0.25612228432723505	0.03421099045795953	0.290821447675134
684	0.2351820686430135	0.03727785112590929	0.17035715092799938
685	0.2177992399898195	0.03419339767718055	0.20749832663314555
686	0.28648734680884924	0.035349027032383476	0.29067291022856045
687	0.20188327627821676	0.033254457889019214	0.20773724245970415
688	0.2745503740251472	0.03467068799033602	0.2907594586628824
689	0.1849220515218959	0.03661881558362759	0.1493161800925369
690	0.15560225008499984	0.032756538408066534	0.17190354104313227
691	0.21382024906191882	0.03396109650623048	0.20755504341065226
692	0.18596731256661403	0.03228822531938366	0.20801257358446093
693	0.16796082676557506	0.039699072281388414	0.1237968921180346
694	0.21633237504822822	0.03181301903421677	0.29119636267890936
695	0.1964374204087248	0.030543515450089546	0.2914376390171617
696	0.2242903569040296	0.032306855583297954	0.291111254869791
697	0.22722408678721212	0.036850691268371406	0.17046943731891967
698	0.20083801523349865	0.03747355240653054	0.1489948104865152
699	0.2550770232825169	0.03832492698736732	0.17010345435994298
700	0.12628244864810376	0.02837329663980816	0.2095684110712273
701	0.2799962298946392	0.035572265614386915	0.29064563620455214
702	0.2655471311246277	0.03686701602193493	0.2069397836909908
703	0.20984125813401813	0.03372719536369996	0.20761369963434992
704	0.07957981855801369	0.020646320115501174	0.29580398915498085
705	0.11539073690911984	0.023848728552075725	0.2936101097573518
706	0.17800933071081265	0.03179409940015059	0.20816659994661327
707	0.23078147381823969	0.03206088814857996	0.29115307819518027
708	0.18198832163871334	0.032042114872008254	0.20808809094893257
709	0.21486551010663696	0.031057544552950265	0.2913357911583755
710	0.2203113659761289	0.03206088814857996	0.29115307819518027
711	0.20690752825083558	0.030543515450089546	0.2914376390171617
712	0.16607235792711061	0.031038164415018304	0.20842196696139478
713	0.23078147381823969	0.03206088814857996	0.29115307819518027
714	0.23476046474614037	0.032306855583297954	0.291111254869791
715	0.16460549298551932	0.028394495692217026	0.29193710406057116
716	0.1715182137966026	0.033709350093058775	0.17149858514250887
717	0.16460549298551932	0.028394495692217026	0.29193710406057116
718	0.14617740328760717	0.029735598299548787	0.20892772350933622
719	0.15560225008499984	0.032756538408066534	0.17190354104313227
720	0.16607235792711061	0.031038164415018304	0.20842196696139478
721	0.16313862804392806	0.027545422109715133	0.2921743548953888
722	0.16607235792711061	0.031038164415018304	0.20842196696139478
723	0.1989495463950342	0.03002068617538958	0.29154759474226505
724	0.16460549298551932	0.028394495692217026	0.29193710406057116
725	0.09340526018018018	0.03125369053805423	0.15259198447326847
726	0.19685902430559798	0.03726170636404987	0.14907119849998599
727	0.17800933071081265	0.03179409940015059	0.20816659994661327
728	0.1421984123597065	0.029468176689910978	0.20904350502196886
729	0.15015639421550786	0.03000063624386064	0.2088172673961392
730	0.19245842948082412	0.03028322914164774	0.2914915440650688
731	0.1411531513149884	0.03415818493275443	0.15048231635721152
732	0.1765424657692214	0.029218906413969004	0.29172998299578917
733	0.17005134885501128	0.03129217184949016	0.20833333333333334
734	0.18847943855292343	0.03002068617538958	0.29154759474226505
735	0.19497055546713352	0.029755826818236977	0.2916059217599022
736	0.07308870164380359	0.02102624320025012	0.29546842014263947
737	0.07162183670221231	0.019864687178586943	0.29658550700086983
738	0.15811437607130924	0.030523808947198524	0.20861092617242874
739	0.1725634748413207	0.028946711786038203	0.2917960375608824
740	0.10387536802229096	0.029447750576623515	0.17386419461733535
741	0.13172830451759576	0.03127293711267367	0.17265659009427078
742	0.16858448391342	0.028671933217340736	0.2918650119236378
743	0.1093212238917829	0.032250932505366786	0.151744244666721
744	0.13968628637339708	0.03177516850092024	0.17238260432509372
745	0.21382024906191882	0.03396109650623048	0.20755504341065226
746	0.1447105383460159	0.026964523759817297	0.29235267310234314
747	0.14617740328760717	0.029735598299548787	0.20892772350933622
748	0.16356023194080122	0.03323635879707297	0.17169291787923763
749	0.1118333498780923	0.02998057290365984	0.17347216662217776
750	0.13968628637339708	0.03177516850092024	0.17238260432509372
751	0.14324367340442462	0.02606891703122329	0.2926570486903539
752	0.12230345772020307	0.02809291002025659	0.20971762320196527
753	0.18596731256661403	0.03228822531938366	0.20801257358446093
754	0.14617740328760717	0.029735598299548787	0.20892772350933622
755	0.16607235792711061	0.031038164415018304	0.20842196696139478
756	0.1447105383460159	0.026964523759817297	0.29235267310234314
757	0.15015639421550786	0.03000063624386064	0.2088172673961392
758	0.15560225008499984	0.032756538408066534	0.17190354104313227
759	0.15015639421550786	0.03000063624386064	0.2088172673961392
760	0.11832446679230241	0.027809696593129478	0.20987524639084773
761	0.14073154741811522	0.02666933019011605	0.29244882593280097
762	0.15413538514340855	0.030263353149325024	0.20871177748418046
763	0.16858448391342	0.028671933217340736	0.2918650119236378
764	0.13570729544549642	0.03152505296518244	0.1725163898355886
765	0.1486895292739166	0.02725652051157791	0.2922612986125031
766	0.13675255649021453	0.02637083244770858	0.2925501420023337
767	0.12377032266179437	0.030762507343267884	0.17295817388759033
768	0.1750756008276301	0.028394495692217026	0.29193710406057116
769	0.13026143957600445	0.028650939443844853	0.20942695414584775
770	0.1725634748413207	0.028946711786038203	0.2917960375608824
771	0.1486895292739166	0.02725652051157791	0.2922612986125031
772	0.10889961999490975	0.024178383369342707	0.29344694769431684
773	0.13570729544549642	0.03152505296518244	0.1725163898355886
774	0.1595812410129005	0.03299732075916852	0.17179606773406925
775	0.15015639421550786	0.03000063624386064	0.2088172673961392
776	0.15664751112971795	0.027831324941631853	0.2920915272948881
777	0.1267040525449769	0.03550454037614577	0.13608276348795434
778	0.1118333498780923	0.02998057290365984	0.17347216662217776
779	0.16753922286870188	0.033473689890600435	0.17159383568311673
780	0.12628244864810376	0.02837329663980816	0.2095684110712273
781	0.16209336699920993	0.030782061033163333	0.20851441405707477
782	0.2004164113366255	0.030801602309850292	0.2913857587071793
783	0.18596731256661403	0.03228822531938366	0.20801257358446093
784	0.1486895292739166	0.02725652051157791	0.2922612986125031
785	0.14617740328760717	0.029735598299548787	0.20892772350933622
786	0.14764426822919846	0.032269584299623476	0.17213259316477414
787	0.13424043050390513	0.028925917441270224	0.2092926630424937
788	0.1765424657692214	0.029218906413969004	0.29172998299578917
789	0.23078147381823969	0.03206088814857996	0.29115307819518027
790	0.17800933071081265	0.03179409940015059	0.20816659994661327
791	0.1486895292739166	0.02725652051157791	0.2922612986125031
792	0.17005134885501128	0.03129217184949016	0.20833333333333334
793	0.2466974375298424	0.03303377096386391	0.290993847623689
794	0.15015639421550786	0.03000063624386064	0.2088172673961392
795	0.17549720472450325	0.033943374206179294	0.1714069481682172
796	0.24020632061563235	0.03327254713569934	0.2909571869813232
797	0.17696406966609451	0.03618387648026528	0.1494940963666621
798	0.2546554193856438	0.03350962192716669	0.2909216675785196
799	0.16753922286870188	0.033473689890600435	0.17159383568311673
800	0.2825083558809486	0.03512436965031347	0.2907009498669056
801	0.24020632061563235	0.03327254713569934	0.2909571869813232
802	0.23078147381823969	0.03206088814857996	0.29115307819518027
803	0.25758914926882637	0.03643503990327135	0.20701966780270625
804	0.2546554193856438	0.03350962192716669	0.2909216675785196
805	0.2326699426567041	0.03912705049450468	0.14846232788802813
806	0.19245842948082412	0.03028322914164774	0.2914915440650688
807	0.2640802661830364	0.03467068799033602	0.2907594586628824
808	0.31580714824574535	0.03752169239492453	0.2904300147986344
809	0.23224833875983095	0.03279325624711127	0.2910317054066663
810	0.28146309483623044	0.03771612845426836	0.2067925479671278
811	0.3650219043221448	0.04189255411728325	0.20621778098863416
812	0.3476390756689508	0.039173158547835596	0.29027445505806965
813	0.3277441210294474	0.038149370985539006	0.2903682584067964
814	0.35957604845265284	0.03977478418579808	0.2902230016401243
815	0.33570210288524877	0.03856214781623188	0.2903294469037952
816	0.46952092949228075	0.0444729432029713	0.28989575371605375
817	0.3501512016552602	0.0387668881006102	0.2903107008539352
818	0.4341316150380477	0.04670392515390173	0.16878989451394447
819	0.4406227319522578	0.045340942841448593	0.20587631595514908
820	0.4142366603985443	0.04584860718451188	0.16888405903703704
821	0.34617221072735954	0.03856214781623188	0.2903294469037952
822	0.5172688206270889	0.04655997318283702	0.2897832965758361
823	0.43266475009645644	0.04499040297822278	0.20590692270711408
824	0.39140797587585835	0.04133633277712647	0.29010069948482403
825	0.48292476721757405	0.04552841848736464	0.2898368098501052
826	0.4634514164749438	0.049489427871514564	0.14659297838687896
827	0.4341316150380477	0.04670392515390173	0.16878989451394447
828	0.49486174000127614	0.046047084558889874	0.2898094224008874
829	0.4297310202132739	0.04265582010806441	0.2900085141364042
830	0.45800556060545183	0.0477100706099577	0.168686942449158
831	0.5042865867986688	0.0480532933171137	0.20566472667421556
832	0.5371637752665923	0.047402457181121765	0.28974232912011777
833	0.48439163215916536	0.04722242215938297	0.2057251434454945
834	0.4739215243170546	0.048369208312979584	0.1686236808896675
835	0.5122445686544701	0.048381646687862906	0.20564181776557594
836	0.5252268024828903	0.04689878293085157	0.2897665378622012
837	0.5187356855686802	0.04706727322885245	0.2897583471608255
838	0.4988407309291768	0.04621867982945717	0.2898005779842408
839	0.45905082165016997	0.0444729432029713	0.28989575371605375
840	0.5252268024828903	0.04689878293085157	0.2897665378622012
841	0.488370623087066	0.04738976179939398	0.20571268393886977
842	0.4381106059659484	0.046873115893714276	0.16877201328135932
843	0.4406227319522578	0.045340942841448593	0.20587631595514908
844	0.41381505650167116	0.041906914869437574	0.2900596755576607
845	0.41319139935382615	0.04899492770922429	0.1318291218923853
846	0.42219464225434566	0.046192634893111546	0.16884540837649264
847	0.43015262411014704	0.04653411926723163	0.16880808210028184
848	0.378004138150565	0.04017086250798512	0.2901905000440047
849	0.44166799299697596	0.04320898165317599	0.2899725574672267
850	0.39392010186216775	0.04095152829691107	0.29012942659282975
851	0.4575839567085787	0.04393569813627369	0.28992752717617687
852	0.4311978851548652	0.04320898165317599	0.2899725574672267
853	0.28397522082253984	0.03579411194239647	0.29061909685954823
854	0.3813594719306207	0.04768484026184407	0.13202724211521827
855	0.307849166389944	0.03709734037058055	0.2904737509655563
856	0.4152819214432624	0.0424698318843769	0.2900209467136991
857	0.319786139173646	0.037732078778986634	0.29040893477575785
858	0.28795421175044056	0.036014591744862615	0.2905932629027116
859	0.30387017546204326	0.036883333550079084	0.29049644688706344
860	0.28397522082253984	0.03579411194239647	0.29061909685954823
861	0.34366008474105014	0.038970552752168514	0.2902923748935689
862	0.30638230144835266	0.03645155080593634	0.2905436015739883
863	0.3277441210294474	0.038149370985539006	0.2903682584067964
864	0.1989495463950342	0.03002068617538958	0.29154759474226505
865	0.2521432933993344	0.033978809562877306	0.29085384576443135
866	0.18994630349451472	0.03253247397723703	0.20793988003913974
867	0.2203113659761289	0.03206088814857996	0.29115307819518027
868	0.2203113659761289	0.03206088814857996	0.29115307819518027
869	0.24816430247143367	0.033745031197288375	0.2908872369413698
870	0.16858448391342	0.028671933217340736	0.2918650119236378
871	0.23873945567404106	0.03255096444783759	0.29107081994288303
872	0.11539073690911984	0.023848728552075725	0.2936101097573518
873	0.17800933071081265	0.03179409940015059	0.20816659994661327
874	0.1436652773012978	0.032023330589840124	0.17225480304397084
875	0.1486895292739166	0.02725652051157791	0.2922612986125031
876	0.1790545917555308	0.028671933217340736	0.2918650119236378
877	0.13926468247652396	0.025763463788405622	0.29277002188456
878	0.16313862804392806	0.027545422109715133	0.2921743548953888
879	0.13277356556231384	0.02606891703122329	0.2926570486903539
880	0.12628244864810376	0.02837329663980816	0.2095684110712273
881	0.1750756008276301	0.028394495692217026	0.29193710406057116
882	0.1273277096928219	0.02482456364094926	0.2931509849889644
883	0.11685760185071112	0.02482456364094926	0.2931509849889644
884	0.10743275505331848	0.023175355788896967	0.2939723678960657
885	0.07455556658539486	0.024479035270092687	0.21245914639969937
886	0.1233487187649212	0.024503603636184285	0.2932942300427066
887	0.0705765756574942	0.02415348419897481	0.21281413268968716
888	0.11141174598121915	0.023514452678007967	0.2937848256965016
889	0.10492062906700907	0.023848728552075725	0.2936101097573518
890	0.08251354844119624	0.02511748206654229	0.21182963643408084
891	0.061151728860101534	0.019864687178586943	0.29658550700086983
892	0.0994747731975171	0.02248182328756563	0.29439202887759497
893	0.0994747731975171	0.02248182328756563	0.29439202887759497
894	0.11287861092281043	0.024503603636184285	0.2932942300427066
895	0.08398041338278753	0.02807148321698465	0.17507524381296347
896	0.10492062906700907	0.023848728552075725	0.2936101097573518
897	0.07308870164380359	0.02102624320025012	0.29546842014263947
898	0.06513071978800222	0.02025927356810783	0.2961744388795462
899	0.0969626472112077	0.023175355788896967	0.2939723678960657
900	0.10743275505331848	0.023175355788896967	0.2939723678960657
901	0.10240850308069965	0.026646758703164127	0.21060588479355796
902	0.12879457463441318	0.025763463788405622	0.29277002188456
903	0.13424043050390513	0.028925917441270224	0.2092926630424937
904	0.1526685202018173	0.027545422109715133	0.2921743548953888
905	0.13130670062072258	0.025141426545998852	0.2930163576638442
906	0.1526685202018173	0.027545422109715133	0.2921743548953888
907	0.16062650205761864	0.028114320493496107	0.29201253026104446
908	0.15915963711602737	0.02725652051157791	0.2922612986125031
909	0.16313862804392806	0.027545422109715133	0.2921743548953888
910	0.1750756008276301	0.028394495692217026	0.29193710406057116
911	0.1208365927786118	0.025141426545998852	0.2930163576638442
912	0.1750756008276301	0.028394495692217026	0.29193710406057116
913	0.16460549298551932	0.028394495692217026	0.29193710406057116
914	0.16460549298551932	0.028394495692217026	0.29193710406057116
915	0.2546554193856438	0.03350962192716669	0.2909216675785196
916	0.21633237504822822	0.03181301903421677	0.29119636267890936
917	0.24271844660194172	0.03279325624711127	0.2910317054066663
918	0.21088651917873627	0.030801602309850292	0.2913857587071793
919	0.2242903569040296	0.032306855583297954	0.291111254869791
920	0.2376941946293229	0.03533200091604487	0.20724072463856602
921	0.26261340124144517	0.033978809562877306	0.29085384576443135
922	0.22826934783193029	0.03255096444783759	0.29107081994288303
923	0.2546554193856438	0.03350962192716669	0.2909216675785196
924	0.22177823091772017	0.03442413126738468	0.2074434546695699
925	0.3103612923762534	0.03666807773748269	0.29051972291345285
926	0.2665923921693458	0.03421099045795953	0.290821447675134
927	0.319786139173646	0.037732078778986634	0.29040893477575785
928	0.3053370404036346	0.03895510952885086	0.20659846763533435
929	0.30387017546204326	0.036883333550079084	0.29049644688706344
930	0.30638230144835266	0.03645155080593634	0.2905436015739883
931	0.37402514722266433	0.03997331392105399	0.29020657841618336
932	0.37402514722266433	0.03997331392105399	0.29020657841618336
933	0.3411479587547407	0.04074299789710632	0.20635507646388926
934	0.2640802661830364	0.03467068799033602	0.2907594586628824
935	0.383449994020057	0.04095152829691107	0.29012942659282975
936	0.39392010186216775	0.04095152829691107	0.29012942659282975
937	0.3421932197994588	0.03835631467433493	0.2903486276554366
938	0.3754920121642556	0.04056307350588804	0.29015933530138743
939	0.4257520292853732	0.0424698318843769	0.2900209467136991
940	0.4257520292853732	0.0424698318843769	0.2900209467136991
941	0.42177303835747254	0.04228302557153308	0.2900336133198115
942	0.31580714824574535	0.03752169239492453	0.2904300147986344
943	0.325231995043138	0.03995825825065885	0.2064570683527133
944	0.42177303835747254	0.04228302557153308	0.2900336133198115
945	0.38742898494795763	0.041144380401909375	0.2901149197588202
946	0.4337100111411746	0.042841000897456495	0.2899963091613705
947	0.3396810938131494	0.0387668881006102	0.2903107008539352
948	0.4018780837179691	0.04133633277712647	0.29010069948482403
949	0.33318997689893937	0.04035253573240445	0.20640493272856064
950	0.3888958498895489	0.04301139736506362	0.20609640500343474
951	0.37947100309215626	0.040757763690472425	0.29014422873699863
952	0.319786139173646	0.037732078778986634	0.29040893477575785
953	0.3421932197994588	0.03835631467433493	0.2903486276554366
954	0.3581091835110616	0.039173158547835596	0.29027445505806965
955	0.4058570746458698	0.04152739789904559	0.29008675736300965
956	0.33423523794365745	0.03794129857803985	0.29038835518215406
957	0.38491685896164823	0.042826953364570375	0.2061156474669474
958	0.3172740131873366	0.03956005137531693	0.20651164331225833
959	0.38994111093426703	0.040757763690472425	0.29014422873699863
960	0.31182815731784463	0.03731011969124491	0.29045161372885414
961	0.302403310520452	0.03623372996744114	0.2905681065798577
962	0.319786139173646	0.037732078778986634	0.29040893477575785
963	0.3132950222594359	0.03935943719126835	0.20653989967735087
964	0.31182815731784463	0.03731011969124491	0.29045161372885414
965	0.26805925711093714	0.034898266067636456	0.2907297878164698
966	0.2799962298946392	0.035572265614386915	0.29064563620455214
967	0.29046633773674996	0.035572265614386915	0.29064563620455214
968	0.21235338412032753	0.03156320343797699	0.2912411862553588
969	0.21235338412032753	0.03156320343797699	0.2912411862553588
970	0.2177992399898195	0.03419339767718055	0.20749832663314555
971	0.2695261220525284	0.037081117016156934	0.206901472150592
972	0.18701257361133217	0.029218906413969004	0.29172998299578917
973	0.14764426822919846	0.032269584299623476	0.17213259316477414
974	0.24271844660194172	0.03279325624711127	0.2910317054066663
975	0.19245842948082412	0.03028322914164774	0.2914915440650688
976	0.14764426822919846	0.032269584299623476	0.17213259316477414
977	0.2029285373229349	0.03028322914164774	0.2914915440650688
978	0.16607235792711061	0.031038164415018304	0.20842196696139478
979	0.13424043050390513	0.028925917441270224	0.2092926630424937
980	0.16209336699920993	0.030782061033163333	0.20851441405707477
981	0.04063311707275316	0.03270138434783444	0.13074409009212273
982	0.1208365927786118	0.025141426545998852	0.2930163576638442
983	0.10094163813910838	0.023514452678007967	0.2937848256965016
984	0.1472226643323253	0.02637083244770858	0.2925501420023337
985	0.09989637709439027	0.029177690882225663	0.17407765595569788
986	0.0969626472112077	0.023175355788896967	0.2939723678960657
987	0.061151728860101534	0.019864687178586943	0.29658550700086983
988	0.0944505212248983	0.0260458252273953	0.21104556352848897
989	0.06659758472959351	0.02382348484470334	0.21320071635561044
990	0.05110322491486392	0.030979951259473636	0.14096735392208679
991	0.08355880948591436	0.02102624320025012	0.29546842014263947
992	0.060106467815383424	0.02632515825547028	0.17720317769039837
993	0.050681621017990765	0.022455042973206395	0.2151657414559676
994	0.05214848595958205	0.02571671090102549	0.17817416127494964
995	0.02031655853637658	0.023123370626541358	0.18490006540840975
996	0.004822198721647006	0.03044485537863414	0.13707972013832906
997	0.03225353132007863	0.024128559334227636	0.18162078931419476
998	0.04670263009009009	0.02209969651656398	0.21579765395152098
999	0.04125677422059812	0.017760741895583552	0.2995723447576391
1000	0.051726882062708895	0.017760741895583552	0.2995723447576391
1001	0.03476565730638803	0.020997606523394097	0.21821789023599236
1002	-0.012560629931547024	0.026578929232952686	0.158113883008419
1003	-0.010048503945237618	0.023772917013615422	0.1767766952966369
1004	0.03916625213116187	0.03020364669417278	0.14244246232238394
1005	-0.008581639003646342	0.026875115776022675	0.1556997888323046
1006	0.0427236391621894	0.02173854220779108	0.21650635094610965
1007	0.049214756076399496	0.018630853182024936	0.29814239699997197
1008	0.018849693594785298	0.019431160657408464	0.22360679774997896
1009	0.001888468838464434	0.024751741145810198	0.16854996561581054
1010	-0.010048503945237618	0.023772917013615422	0.1767766952966369
1011	0.016337567608475892	0.022778452544632607	0.18633899812498253
1012	0.023873945567404103	0.01430445283998396	0.3118047822311618
1013	0.033298792364796756	0.016845747685184678	0.3015113445777637
1014	-0.019051746845757105	0.028842590143744934	0.1465081788319221
1015	0.02680767545058666	0.020229551208631652	0.22047927592204922
1016	-0.010048503945237618	0.023772917013615422	0.1767766952966369
1017	0.01487070266688461	0.019019401559715345	0.22566773346211
1018	0.0427236391621894	0.02173854220779108	0.21650635094610965
1019	0.00440059482477384	0.021710845076024377	0.1924500897298753
1020	-0.0494168093273713	0.029365904045404463	0.16060401860990528
1021	0.0213618195810947	0.015371470608239053	0.3061862178478973
1022	0.	0.011200693149521839	0.4082482904638631
1023	0.	0.011200693149521839	0.4082482904638631