-0.000204	0.	0	0
-0.00020379999	-0.008	0	0
-0.00020359999	-0.016	0	0
-0.00020339999	0.	0	0
-0.00020319999	-0.016	0	0
-0.000203	-0.008	0	0
-0.0002028	0.	0	0
-0.0002026	-0.016	0	0
-0.0002024	-0.016	0	0
-0.0002022	0.	0	0
-0.000202	-0.008	0	0
-0.00020179999	-0.008	0	0
-0.00020159999	0.	0	0
-0.00020139999	-0.008	0	0
-0.00020119999	-0.008	0	0
-0.000201	-0.008	0	0
-0.0002008	-0.008	0	0
-0.0002006	0.	0	0
-0.0002004	-0.008	0	0
-0.0002002	-0.016	0	0
-0.00019999999	-0.016	0	0
-0.00019979999	-0.008	0	0
-0.00019959999	0.	0	0
-0.00019939999	0.	0	0
-0.0001992	-0.008	0	0
-0.000199	-0.008	0	0
-0.0001988	-0.008	0	0
-0.0001986	-0.016	0	0
-0.0001984	-0.008	0	0
-0.0001982	-0.016	0	0
-0.00019799999	-0.008	0	0
-0.00019779999	-0.008	0	0
-0.00019759999	-0.008	0	0
-0.00019739999	0.	0	0
-0.0001972	-0.008	0	0
-0.000197	-0.008	0	0
-0.0001968	-0.008	0	0
-0.0001966	0.	0	0
-0.0001964	-0.008	0	0
-0.0001962	-0.008	0	0
-0.00019599999	-0.008	0	0
-0.00019579999	0.	0	0
-0.00019559999	-0.008	0	0
-0.00019539999	-0.008	0	0
-0.0001952	-0.008	0	0
-0.000195	-0.016	0	0
-0.0001948	0.	0	0
-0.0001946	0.	0	0
-0.0001944	-0.016	0	0
-0.00019419999	-0.016	0	0
-0.00019399999	-0.008	0	0
-0.00019379999	-0.008	0	0
-0.00019359999	-0.016	0	0
-0.0001934	0.	0	0
-0.0001932	-0.016	0	0
-0.000193	-0.016	0	0
-0.0001928	0.008	0	0
-0.0001926	-0.008	0	0
-0.0001924	-0.016	0	0
-0.00019219999	-0.008	0	0
-0.00019199999	0.	0	0
-0.00019179999	-0.008	0	0
-0.00019159999	-0.008	0	0
-0.0001914	-0.008	0	0
-0.0001912	-0.008	0	0
-0.000191	0.	0	0
-0.0001908	-0.008	0	0
-0.0001906	-0.016	0	0
-0.00019039999	-0.008	0	0
-0.00019019999	-0.008	0	0
-0.00018999999	-0.008	0	0
-0.00018979999	-0.008	0	0
-0.0001896	-0.008	0	0
-0.0001894	0.	0	0
-0.0001892	0.	0	0
-0.000189	-0.008	0	0
-0.0001888	-0.016	0	0
-0.0001886	0.008	0	0
-0.00018839999	-0.016	0	0
-0.00018819999	0.	0	0
-0.00018799999	0.	0	0
-0.00018779999	-0.008	0	0
-0.0001876	-0.008	0	0
-0.0001874	-0.016	0	0
-0.0001872	-0.008	0	0
-0.000187	0.	0	0
-0.0001868	0.	0	0
-0.00018659999	0.	0	0
-0.00018639999	-0.008	0	0
-0.00018619999	0.	0	0
-0.00018599999	-0.008	0	0
-0.0001858	0.	0	0
-0.0001856	0.	0	0
-0.0001854	-0.008	0	0
-0.0001852	-0.016	0	0
-0.000185	0.	0	0
-0.0001848	0.008	0	0
-0.00018459999	0.	0	0
-0.00018439999	0.008	0	0
-0.00018419999	0.	0	0
-0.00018399999	-0.008	0	0
-0.0001838	0.	0	0
-0.0001836	0.008	0	0
-0.0001834	-0.016	0	0
-0.0001832	0.	0	0
-0.000183	-0.008	0	0
-0.00018279999	-0.008	0	0
-0.00018259999	-0.008	0	0
-0.00018239999	-0.008	0	0
-0.00018219999	-0.016	0	0
-0.00018199999	-0.008	0	0
-0.0001818	-0.008	0	0
-0.0001816	0.	0	0
-0.0001814	-0.016	0	0
-0.0001812	-0.008	0	0
-0.000181	-0.008	0	0
-0.00018079999	0.	0	0
-0.00018059999	0.008	0	0
-0.00018039999	0.	0	0
-0.00018019999	-0.016	0	0
-0.00018	-0.008	0	0
-0.0001798	0.	0	0
-0.0001796	0.	0	0
-0.0001794	0.	0	0
-0.0001792	-0.016	0	0
-0.000179	-0.016	0	0
-0.00017879999	-0.008	0	0
-0.00017859999	0.	0	0
-0.00017839999	0.	0	0
-0.00017819999	-0.008	0	0
-0.000178	0.	0	0
-0.0001778	0.008	0	0
-0.0001776	-0.008	0	0
-0.0001774	-0.008	0	0
-0.0001772	0.	0	0
-0.00017699999	-0.008	0	0
-0.00017679999	0.	0	0
-0.00017659999	-0.008	0	0
-0.00017639999	0.	0	0
-0.0001762	0.	0	0
-0.000176	0.	0	0
-0.0001758	0.	0	0
-0.0001756	-0.008	0	0
-0.0001754	0.	0	0
-0.0001752	-0.008	0	0
-0.00017499999	0.	0	0
-0.00017479999	-0.008	0	0
-0.00017459999	-0.008	0	0
-0.00017439999	-0.008	0	0
-0.0001742	-0.016	0	0
-0.000174	-0.016	0	0
-0.0001738	0.	0	0
-0.0001736	-0.008	0	0
-0.0001734	-0.008	0	0
-0.00017319999	-0.008	0	0
-0.00017299999	0.008	0	0
-0.00017279999	0.008	0	0
-0.00017259999	-0.008	0	0
-0.0001724	0.	0	0
-0.0001722	0.	0	0
-0.000172	0.	0	0
-0.0001718	-0.008	0	0
-0.0001716	0.	0	0
-0.0001714	-0.008	0	0
-0.00017119999	-0.008	0	0
-0.00017099999	0.	0	0
-0.00017079999	-0.008	0	0
-0.00017059999	-0.008	0	0
-0.0001704	0.	0	0
-0.0001702	0.	0	0
-0.00017	0.	0	0
-0.0001698	-0.008	0	0
-0.0001696	-0.008	0	0
-0.00016939999	-0.008	0	0
-0.00016919999	-0.016	0	0
-0.00016899999	-0.008	0	0
-0.00016879999	0.	0	0
-0.00016859999	-0.016	0	0
-0.0001684	-0.008	0	0
-0.0001682	-0.008	0	0
-0.000168	0.	0	0
-0.0001678	-0.008	0	0
-0.0001676	-0.008	0	0
-0.00016739999	0.	0	0
-0.00016719999	0.	0	0
-0.00016699999	-0.008	0	0
-0.00016679999	-0.008	0	0
-0.0001666	-0.008	0	0
-0.0001664	-0.016	0	0
-0.0001662	-0.008	0	0
-0.000166	0.	0	0
-0.0001658	0.	0	0
-0.00016559999	-0.016	0	0
-0.00016539999	-0.008	0	0
-0.00016519999	-0.016	0	0
-0.00016499999	0.	0	0
-0.00016479999	-0.008	0	0
-0.0001646	-0.008	0	0
-0.0001644	-0.016	0	0
-0.0001642	-0.008	0	0
-0.000164	-0.008	0	0
-0.0001638	0.	0	0
-0.00016359999	-0.008	0	0
-0.00016339999	-0.008	0	0
-0.00016319999	0.	0	0
-0.00016299999	-0.024	0	0
-0.0001628	-0.024	0	0
-0.0001626	-0.016	0	0
-0.0001624	-0.008	0	0
-0.0001622	0.	0	0
-0.000162	-0.008	0	0
-0.0001618	-0.016	0	0
-0.00016159999	0.	0	0
-0.00016139999	0.	0	0
-0.00016119999	0.	0	0
-0.00016099999	-0.008	0	0
-0.0001608	0.	0	0
-0.0001606	-0.008	0	0
-0.0001604	-0.016	0	0
-0.0001602	0.008	0	0
-0.00016	-0.008	0	0
-0.00015979999	0.	0	0
-0.00015959999	-0.008	0	0
-0.00015939999	-0.016	0	0
-0.00015919999	-0.016	0	0
-0.000159	-0.016	0	0
-0.0001588	-0.008	0	0
-0.0001586	-0.008	0	0
-0.0001584	-0.008	0	0
-0.0001582	-0.008	0	0
-0.000158	-0.008	0	0
-0.00015779999	-0.008	0	0
-0.00015759999	-0.016	0	0
-0.00015739999	0.	0	0
-0.00015719999	0.	0	0
-0.000157	0.	0	0
-0.0001568	-0.016	0	0
-0.0001566	-0.008	0	0
-0.0001564	-0.016	0	0
-0.0001562	-0.008	0	0
-0.00015599999	-0.016	0	0
-0.00015579999	-0.008	0	0
-0.00015559999	-0.008	0	0
-0.00015539999	-0.008	0	0
-0.00015519999	-0.008	0	0
-0.000155	-0.016	0	0
-0.0001548	-0.008	0	0
-0.0001546	-0.024	0	0
-0.0001544	-0.008	0	0
-0.0001542	-0.016	0	0
-0.00015399999	-0.016	0	0
-0.00015379999	-0.008	0	0
-0.00015359999	-0.008	0	0
-0.00015339999	-0.008	0	0
-0.0001532	-0.008	0	0
-0.000153	0.	0	0
-0.0001528	-0.008	0	0
-0.0001526	-0.024	0	0
-0.0001524	0.	0	0
-0.00015219999	-0.008	0	0
-0.00015199999	-0.016	0	0
-0.00015179999	0.	0	0
-0.00015159999	-0.016	0	0
-0.00015139999	-0.016	0	0
-0.0001512	0.	0	0
-0.000151	-0.016	0	0
-0.0001508	0.	0	0
-0.0001506	0.008	0	0
-0.0001504	0.	0	0
-0.00015019999	-0.008	0	0
-0.00014999999	-0.008	0	0
-0.00014979999	0.008	0	0
-0.00014959999	-0.008	0	0
-0.0001494	-0.016	0	0
-0.0001492	-0.008	0	0
-0.000149	-0.008	0	0
-0.0001488	-0.016	0	0
-0.0001486	-0.016	0	0
-0.0001484	-0.008	0	0
-0.0001482	-0.008	0	0
-0.000148	-0.008	0	0
-0.0001478	-0.016	0	0
-0.0001476	-0.008	0	0
-0.0001474	-0.008	0	0
-0.0001472	-0.008	0	0
-0.000147	0.	0	0
-0.0001468	-0.016	0	0
-0.0001466	-0.016	0	0
-0.0001464	-0.008	0	0
-0.0001462	-0.008	0	0
-0.000146	-0.016	0	0
-0.0001458	-0.008	0	0
-0.0001456	-0.016	0	0
-0.0001454	-0.008	0	0
-0.0001452	0.008	0	0
-0.000145	0.	0	0
-0.0001448	0.008	0	0
-0.0001446	-0.016	0	0
-0.0001444	-0.008	0	0
-0.0001442	-0.008	0	0
-0.000144	-0.008	0	0
-0.0001438	0.	0	0
-0.0001436	-0.024	0	0
-0.0001434	-0.016	0	0
-0.0001432	-0.008	0	0
-0.000143	-0.016	0	0
-0.0001428	-0.008	0	0
-0.0001426	0.	0	0
-0.0001424	0.	0	0
-0.0001422	0.	0	0
-0.000142	-0.016	0	0
-0.0001418	-0.008	0	0
-0.0001416	0.	0	0
-0.0001414	-0.008	0	0
-0.0001412	-0.016	0	0
-0.000141	0.	0	0
-0.0001408	-0.008	0	0
-0.0001406	-0.032	0	0
-0.0001404	0.	0	0
-0.0001402	0.	0	0
-0.00014	0.	0	0
-0.0001398	-0.008	0	0
-0.0001396	-0.008	0	0
-0.0001394	-0.008	0	0
-0.0001392	-0.008	0	0
-0.000139	-0.016	0	0
-0.0001388	0.	0	0
-0.0001386	-0.008	0	0
-0.0001384	-0.008	0	0
-0.0001382	-0.008	0	0
-0.000138	-0.016	0	0
-0.0001378	-0.008	0	0
-0.0001376	0.	0	0
-0.0001374	-0.016	0	0
-0.0001372	-0.008	0	0
-0.000137	-0.016	0	0
-0.0001368	0.	0	0
-0.0001366	-0.008	0	0
-0.0001364	-0.016	0	0
-0.0001362	-0.016	0	0
-0.000136	0.	0	0
-0.0001358	-0.008	0	0
-0.0001356	-0.016	0	0
-0.0001354	-0.008	0	0
-0.0001352	-0.008	0	0
-0.000135	-0.016	0	0
-0.0001348	-0.016	0	0
-0.0001346	0.	0	0
-0.0001344	-0.008	0	0
-0.0001342	-0.008	0	0
-0.000134	-0.008	0	0
-0.0001338	-0.008	0	0
-0.0001336	-0.008	0	0
-0.0001334	-0.008	0	0
-0.0001332	-0.008	0	0
-0.000133	-0.008	0	0
-0.0001328	-0.016	0	0
-0.0001326	0.	0	0
-0.0001324	-0.016	0	0
-0.0001322	-0.008	0	0
-0.000132	-0.008	0	0
-0.0001318	-0.008	0	0
-0.0001316	-0.008	0	0
-0.0001314	-0.008	0	0
-0.0001312	-0.016	0	0
-0.000131	-0.016	0	0
-0.0001308	0.	0	0
-0.0001306	-0.008	0	0
-0.0001304	-0.016	0	0
-0.0001302	-0.016	0	0
-0.00013	0.	0	0
-0.0001298	-0.008	0	0
-0.0001296	-0.008	0	0
-0.0001294	-0.008	0	0
-0.0001292	-0.016	0	0
-0.000129	-0.016	0	0
-0.0001288	-0.008	0	0
-0.0001286	0.	0	0
-0.0001284	-0.016	0	0
-0.0001282	-0.016	0	0
-0.000128	-0.008	0	0
-0.0001278	-0.008	0	0
-0.0001276	-0.008	0	0
-0.0001274	0.	0	0
-0.0001272	0.	0	0
-0.000127	-0.008	0	0
-0.0001268	-0.008	0	0
-0.0001266	0.	0	0
-0.0001264	0.	0	0
-0.0001262	-0.008	0	0
-0.000126	-0.008	0	0
-0.0001258	-0.008	0	0
-0.0001256	0.	0	0
-0.0001254	0.008	0	0
-0.0001252	0.	0	0
-0.000125	0.	0	0
-0.0001248	-0.008	0	0
-0.0001246	-0.016	0	0
-0.0001244	-0.016	0	0
-0.0001242	-0.008	0	0
-0.000124	-0.008	0	0
-0.0001238	-0.008	0	0
-0.0001236	-0.008	0	0
-0.0001234	-0.008	0	0
-0.0001232	-0.016	0	0
-0.000123	-0.024	0	0
-0.0001228	0.	0	0
-0.0001226	-0.008	0	0
-0.0001224	-0.008	0	0
-0.0001222	0.	0	0
-0.000122	-0.008	0	0
-0.0001218	0.	0	0
-0.0001216	-0.008	0	0
-0.0001214	-0.008	0	0
-0.0001212	0.	0	0
-0.000121	-0.008	0	0
-0.0001208	-0.008	0	0
-0.0001206	-0.016	0	0
-0.0001204	0.	0	0
-0.0001202	-0.008	0	0
-0.00012	-0.008	0	0
-0.0001198	-0.008	0	0
-0.0001196	-0.008	0	0
-0.0001194	-0.008	0	0
-0.0001192	0.	0	0
-0.000119	0.	0	0
-0.0001188	0.	0	0
-0.0001186	-0.008	0	0
-0.0001184	-0.008	0	0
-0.0001182	-0.008	0	0
-0.000118	-0.008	0	0
-0.0001178	-0.016	0	0
-0.0001176	-0.016	0	0
-0.0001174	-0.016	0	0
-0.0001172	0.	0	0
-0.000117	-0.008	0	0
-0.0001168	-0.008	0	0
-0.0001166	-0.008	0	0
-0.0001164	-0.008	0	0
-0.0001162	-0.008	0	0
-0.000116	-0.008	0	0
-0.0001158	0.	0	0
-0.0001156	0.	0	0
-0.0001154	-0.008	0	0
-0.0001152	-0.008	0	0
-0.000115	0.	0	0
-0.0001148	0.	0	0
-0.0001146	-0.008	0	0
-0.0001144	0.	0	0
-0.0001142	-0.016	0	0
-0.000114	-0.016	0	0
-0.0001138	-0.008	0	0
-0.0001136	-0.008	0	0
-0.0001134	-0.008	0	0
-0.0001132	-0.016	0	0
-0.000113	-0.008	0	0
-0.0001128	-0.008	0	0
-0.0001126	-0.008	0	0
-0.0001124	0.	0	0
-0.0001122	-0.008	0	0
-0.000112	-0.008	0	0
-0.0001118	0.	0	0
-0.0001116	0.	0	0
-0.0001114	-0.008	0	0
-0.0001112	-0.008	0	0
-0.000111	0.	0	0
-0.0001108	0.	0	0
-0.0001106	0.	0	0
-0.0001104	-0.008	0	0
-0.0001102	0.008	0	0
-0.00011	-0.016	0	0
-0.0001098	-0.008	0	0
-0.0001096	-0.016	0	0
-0.0001094	0.	0	0
-0.0001092	0.	0	0
-0.000109	-0.008	0	0
-0.0001088	-0.008	0	0
-0.0001086	-0.008	0	0
-0.0001084	-0.008	0	0
-0.0001082	0.	0	0
-0.000108	0.	0	0
-0.0001078	0.	0	0
-0.0001076	-0.008	0	0
-0.0001074	0.	0	0
-0.0001072	-0.016	0	0
-0.000107	-0.016	0	0
-0.0001068	-0.008	0	0
-0.0001066	-0.008	0	0
-0.0001064	-0.008	0	0
-0.0001062	-0.008	0	0
-0.000106	-0.016	0	0
-0.0001058	-0.008	0	0
-0.0001056	-0.008	0	0
-0.0001054	-0.008	0	0
-0.0001052	0.	0	0
-0.000105	-0.008	0	0
-0.0001048	0.	0	0
-0.0001046	-0.016	0	0
-0.0001044	0.	0	0
-0.0001042	-0.008	0	0
-0.000104	-0.008	0	0
-0.0001038	-0.008	0	0
-0.0001036	-0.016	0	0
-0.0001034	-0.016	0	0
-0.0001032	-0.008	0	0
-0.000103	0.	0	0
-0.0001028	0.	0	0
-0.0001026	0.	0	0
-0.0001024	-0.008	0	0
-0.0001022	-0.008	0	0
-0.000102	0.	0	0
-0.0001018	0.008	0	0
-0.0001016	-0.008	0	0
-0.0001014	0.	0	0
-0.0001012	-0.016	0	0
-0.000101	-0.008	0	0
-0.0001008	-0.008	0	0
-0.0001006	-0.008	0	0
-0.0001004	0.	0	0
-0.0001002	0.	0	0
-0.000099999997	-0.008	0	0
-0.000099799996	-0.016	0	0
-0.000099599994	-0.008	0	0
-0.000099399993	-0.008	0	0
-0.000099199999	-0.008	0	0
-0.000098999997	-0.008	0	0
-0.000098799996	0.	0	0
-0.000098599994	-0.008	0	0
-0.000098399993	0.	0	0
-0.000098199998	-0.008	0	0
-0.000097999997	0.	0	0
-0.000097799995	-0.008	0	0
-0.000097599994	0.	0	0
-0.000097399992	-0.008	0	0
-0.000097199998	0.	0	0
-0.000096999996	-0.008	0	0
-0.000096799995	-0.008	0	0
-0.000096599993	-0.016	0	0
-0.000096399992	-0.016	0	0
-0.000096199998	0.	0	0
-0.000095999996	-0.008	0	0
-0.000095799995	0.	0	0
-0.000095599993	-0.016	0	0
-0.000095399992	0.	0	0
-0.000095199997	-0.008	0	0
-0.000094999996	0.	0	0
-0.000094799994	0.	0	0
-0.000094599993	-0.008	0	0
-0.000094399998	-0.016	0	0
-0.000094199997	-0.016	0	0
-0.000093999995	-0.008	0	0
-0.000093799994	-0.008	0	0
-0.000093599992	-0.008	0	0
-0.000093399998	0.	0	0
-0.000093199997	-0.016	0	0
-0.000092999995	0.008	0	0
-0.000092799994	-0.008	0	0
-0.000092599992	0.	0	0
-0.000092399998	0.	0	0
-0.000092199996	-0.008	0	0
-0.000091999995	-0.008	0	0
-0.000091799993	0.	0	0
-0.000091599992	-0.016	0	0
-0.000091399997	-0.008	0	0
-0.000091199996	0.	0	0
-0.000090999994	0.	0	0
-0.000090799993	-0.008	0	0
-0.000090599991	-0.008	0	0
-0.000090399997	0.	0	0
-0.000090199996	-0.008	0	0
-0.000089999994	-0.008	0	0
-0.000089799993	-0.016	0	0
-0.000089599998	0.	0	0
-0.000089399997	0.	0	0
-0.000089199995	-0.008	0	0
-0.000088999994	0.	0	0
-0.000088799992	0.	0	0
-0.000088599998	-0.008	0	0
-0.000088399996	-0.008	0	0
-0.000088199995	0.008	0	0
-0.000087999993	0.	0	0
-0.000087799992	-0.008	0	0
-0.000087599998	-0.008	0	0
-0.000087399996	-0.016	0	0
-0.000087199995	-0.016	0	0
-0.000086999993	-0.008	0	0
-0.000086799992	0.	0	0
-0.000086599997	-0.016	0	0
-0.000086399996	-0.016	0	0
-0.000086199994	-0.016	0	0
-0.000085999993	-0.008	0	0
-0.000085799998	0.	0	0
-0.000085599997	-0.008	0	0
-0.000085399995	0.	0	0
-0.000085199994	-0.016	0	0
-0.000084999992	-0.008	0	0
-0.000084799998	-0.016	0	0
-0.000084599997	-0.016	0	0
-0.000084399995	-0.008	0	0
-0.000084199994	-0.008	0	0
-0.000083999992	-0.008	0	0
-0.000083799998	-0.016	0	0
-0.000083599996	-0.016	0	0
-0.000083399995	-0.024	0	0
-0.000083199993	-0.016	0	0
-0.000082999992	0.	0	0
-0.000082799997	0.	0	0
-0.000082599996	-0.008	0	0
-0.000082399994	-0.016	0	0
-0.000082199993	-0.016	0	0
-0.000081999991	-0.008	0	0
-0.000081799997	-0.008	0	0
-0.000081599996	-0.008	0	0
-0.000081399994	-0.008	0	0
-0.000081199993	-0.016	0	0
-0.000080999998	0.	0	0
-0.000080799997	0.	0	0
-0.000080599995	-0.008	0	0
-0.000080399994	-0.008	0	0
-0.000080199992	-0.008	0	0
-0.000079999998	-0.016	0	0
-0.000079799996	-0.008	0	0
-0.000079599995	-0.008	0	0
-0.000079399993	0.	0	0
-0.000079199992	-0.016	0	0
-0.000078999998	-0.008	0	0
-0.000078799996	-0.008	0	0
-0.000078599995	0.	0	0
-0.000078399993	-0.008	0	0
-0.000078199992	-0.008	0	0
-0.000077999997	-0.008	0	0
-0.000077799996	-0.008	0	0
-0.000077599994	-0.016	0	0
-0.000077399993	0.	0	0
-0.000077199991	-0.008	0	0
-0.000076999997	-0.008	0	0
-0.000076799995	-0.016	0	0
-0.000076599994	-0.008	0	0
-0.000076399992	-0.016	0	0
-0.000076199998	-0.008	0	0
-0.000075999997	0.	0	0
-0.000075799995	-0.008	0	0
-0.000075599994	-0.008	0	0
-0.000075399992	0.	0	0
-0.000075199998	0.	0	0
-0.000074999996	-0.008	0	0
-0.000074799995	0.	0	0
-0.000074599993	0.	0	0
-0.000074399992	-0.016	0	0
-0.000074199997	0.	0	0
-0.000073999996	-0.008	0	0
-0.000073799994	-0.016	0	0
-0.000073599993	0.	0	0
-0.000073399991	-0.008	0	0
-0.000073199997	-0.008	0	0
-0.000072999996	-0.008	0	0
-0.000072799994	-0.008	0	0
-0.000072599993	-0.008	0	0
-0.000072399998	-0.008	0	0
-0.000072199997	-0.016	0	0
-0.000071999995	-0.016	0	0
-0.000071799994	-0.016	0	0
-0.000071599992	-0.008	0	0
-0.000071399998	0.	0	0
-0.000071199996	-0.008	0	0
-0.000070999995	-0.008	0	0
-0.000070799993	-0.008	0	0
-0.000070599992	-0.016	0	0
-0.000070399998	-0.016	0	0
-0.000070199996	-0.008	0	0
-0.000069999995	-0.016	0	0
-0.000069799993	-0.008	0	0
-0.000069599992	-0.008	0	0
-0.000069399997	-0.016	0	0
-0.000069199996	-0.008	0	0
-0.000068999994	-0.008	0	0
-0.000068799993	-0.008	0	0
-0.000068599991	-0.008	0	0
-0.000068399997	0.008	0	0
-0.000068199995	0.	0	0
-0.000067999994	-0.008	0	0
-0.000067799992	0.	0	0
-0.000067599998	-0.008	0	0
-0.000067399997	0.	0	0
-0.000067199995	-0.008	0	0
-0.000066999994	0.	0	0
-0.000066799992	-0.008	0	0
-0.000066599998	0.	0	0
-0.000066399996	0.	0	0
-0.000066199995	-0.008	0	0
-0.000065999993	0.	0	0
-0.000065799992	-0.008	0	0
-0.000065599997	0.016	0	0
-0.000065399996	-0.008	0	0
-0.000065199994	-0.008	0	0
-0.000064999993	-0.008	0	0
-0.000064799991	0.016	0	0
-0.000064599997	0.	0	0
-0.000064399996	-0.008	0	0
-0.000064199994	0.	0	0
-0.000063999993	-0.008	0	0
-0.000063799991	-0.016	0	0
-0.000063599997	-0.008	0	0
-0.000063399995	0.	0	0
-0.000063199994	0.	0	0
-0.000062999992	0.008	0	0
-0.000062799998	0.	0	0
-0.000062599996	-0.008	0	0
-0.000062399995	-0.016	0	0
-0.000062199993	-0.008	0	0
-0.000061999992	-0.008	0	0
-0.000061799998	0.	0	0
-0.000061599996	-0.016	0	0
-0.000061399995	-0.016	0	0
-0.000061199993	-0.008	0	0
-0.000060999995	0.	0	0
-0.000060799994	0.	0	0
-0.000060599996	-0.008	0	0
-0.000060399994	0.	0	0
-0.000060199996	-0.016	0	0
-0.000059999995	0.	0	0
-0.000059799993	0.	0	0
-0.000059599995	-0.008	0	0
-0.000059399994	-0.008	0	0
-0.000059199996	0.	0	0
-0.000058999995	-0.016	0	0
-0.000058799993	0.	0	0
-0.000058599995	-0.008	0	0
-0.000058399994	-0.008	0	0
-0.000058199996	-0.008	0	0
-0.000057999994	-0.008	0	0
-0.000057799996	-0.008	0	0
-0.000057599995	0.	0	0
-0.000057399993	-0.016	0	0
-0.000057199995	0.	0	0
-0.000056999994	-0.016	0	0
-0.000056799996	-0.008	0	0
-0.000056599994	-0.016	0	0
-0.000056399993	-0.008	0	0
-0.000056199995	-0.008	0	0
-0.000055999993	-0.008	0	0
-0.000055799996	-0.008	0	0
-0.000055599994	0.	0	0
-0.000055399996	-0.008	0	0
-0.000055199995	-0.024	0	0
-0.000054999993	-0.008	0	0
-0.000054799995	-0.008	0	0
-0.000054599994	-0.016	0	0
-0.0000544	-0.008	0	0
-0.00005419999	0.	0	0
-0.00005399999	-0.008	0	0
-0.00005379999	-0.016	0	0
-0.00005359999	-0.024	0	0
-0.0000534	-0.008	0	0
-0.00005319999	-0.008	0	0
-0.000053	-0.008	0	0
-0.00005279999	-0.016	0	0
-0.00005259999	0.	0	0
-0.0000524	0.	0	0
-0.00005219999	-0.008	0	0
-0.000052	-0.016	0	0
-0.00005179999	0.	0	0
-0.00005159999	-0.008	0	0
-0.00005139999	-0.008	0	0
-0.00005119999	-0.008	0	0
-0.000051	-0.024	0	0
-0.00005079999	-0.016	0	0
-0.0000506	-0.016	0	0
-0.00005039999	-0.016	0	0
-0.00005019999	-0.008	0	0
-0.00005	-0.016	0	0
-0.00004979999	-0.008	0	0
-0.0000496	0.	0	0
-0.00004939999	-0.008	0	0
-0.0000492	-0.008	0	0
-0.00004899999	-0.008	0	0
-0.00004879999	-0.016	0	0
-0.0000486	-0.008	0	0
-0.00004839999	-0.008	0	0
-0.0000482	-0.008	0	0
-0.00004799999	-0.008	0	0
-0.00004779999	-0.008	0	0
-0.0000476	0.	0	0
-0.00004739999	-0.008	0	0
-0.0000472	0.	0	0
-0.00004699999	-0.008	0	0
-0.0000468	0.	0	0
-0.00004659999	-0.016	0	0
-0.00004639999	-0.008	0	0
-0.0000462	-0.008	0	0
-0.00004599999	0.	0	0
-0.0000458	0.008	0	0
-0.00004559999	-0.008	0	0
-0.00004539999	-0.016	0	0
-0.00004519999	-0.008	0	0
-0.00004499999	0.	0	0
-0.0000448	-0.008	0	0
-0.00004459999	0.	0	0
-0.0000444	-0.008	0	0
-0.00004419999	-0.016	0	0
-0.00004399999	-0.016	0	0
-0.0000438	-0.016	0	0
-0.00004359999	0.	0	0
-0.0000434	-0.008	0	0
-0.00004319999	0.	0	0
-0.00004299999	-0.008	0	0
-0.00004279999	-0.008	0	0
-0.00004259999	-0.008	0	0
-0.0000424	0.	0	0
-0.00004219999	-0.008	0	0
-0.000042	-0.008	0	0
-0.00004179999	0.008	0	0
-0.00004159999	0.	0	0
-0.0000414	0.	0	0
-0.00004119999	0.008	0	0
-0.000041	-0.008	0	0
-0.00004079999	0.	0	0
-0.00004059999	-0.008	0	0
-0.00004039999	-0.016	0	0
-0.00004019999	-0.016	0	0
-0.00004	-0.008	0	0
-0.00003979999	0.	0	0
-0.0000396	0.	0	0
-0.00003939999	0.	0	0
-0.00003919999	-0.008	0	0
-0.000039	0.	0	0
-0.00003879999	-0.008	0	0
-0.0000386	-0.008	0	0
-0.00003839999	-0.016	0	0
-0.00003819999	0.	0	0
-0.00003799999	-0.008	0	0
-0.00003779999	-0.008	0	0
-0.0000376	-0.008	0	0
-0.00003739999	0.	0	0
-0.0000372	-0.008	0	0
-0.00003699999	-0.016	0	0
-0.00003679999	0.	0	0
-0.00003659999	0.	0	0
-0.00003639999	-0.016	0	0
-0.0000362	-0.008	0	0
-0.00003599999	-0.016	0	0
-0.0000358	-0.008	0	0
-0.00003559999	-0.008	0	0
-0.00003539999	-0.008	0	0
-0.0000352	0.	0	0
-0.00003499999	0.	0	0
-0.0000348	-0.008	0	0
-0.00003459999	-0.008	0	0
-0.00003439999	0.	0	0
-0.00003419999	0.	0	0
-0.00003399999	0.	0	0
-0.0000338	-0.016	0	0
-0.00003359999	-0.008	0	0
-0.0000334	-0.016	0	0
-0.00003319999	-0.008	0	0
-0.00003299999	-0.008	0	0
-0.0000328	0.	0	0
-0.00003259999	-0.008	0	0
-0.0000324	-0.008	0	0
-0.00003219999	-0.016	0	0
-0.00003199999	0.	0	0
-0.00003179999	0.008	0	0
-0.00003159999	0.	0	0
-0.0000314	-0.008	0	0
-0.00003119999	-0.008	0	0
-0.000031	-0.008	0	0
-0.00003079999	-0.008	0	0
-0.00003059999	0.	0	0
-0.0000304	-0.016	0	0
-0.00003019999	-0.008	0	0
-0.00002999999	-0.008	0	0
-0.00002979999	-0.008	0	0
-0.00002959999	0.	0	0
-0.00002939999	-0.008	0	0
-0.00002919999	-0.008	0	0
-0.00002899999	0.	0	0
-0.00002879999	0.008	0	0
-0.00002859999	-0.008	0	0
-0.00002839999	0.	0	0
-0.00002819999	0.	0	0
-0.00002799999	-0.008	0	0
-0.00002779999	-0.008	0	0
-0.00002759999	-0.016	0	0
-0.00002739999	0.	0	0
-0.00002719999	-0.008	0	0
-0.00002699999	-0.008	0	0
-0.00002679999	-0.008	0	0
-0.00002659999	-0.008	0	0
-0.00002639999	-0.008	0	0
-0.00002619999	0.	0	0
-0.00002599999	0.	0	0
-0.00002579999	0.008	0	0
-0.00002559999	-0.008	0	0
-0.00002539999	0.	0	0
-0.00002519999	-0.008	0	0
-0.00002499999	-0.008	0	0
-0.00002479999	-0.008	0	0
-0.00002459999	0.	0	0
-0.00002439999	-0.016	0	0
-0.0000242	-0.016	0	0
-0.00002399999	-0.008	0	0
-0.00002379999	0.	0	0
-0.00002359999	0.	0	0
-0.00002339999	0.	0	0
-0.00002319999	-0.008	0	0
-0.000023	-0.008	0	0
-0.00002279999	-0.008	0	0
-0.00002259999	-0.008	0	0
-0.00002239999	0.	0	0
-0.00002219999	-0.008	0	0
-0.00002199999	0.	0	0
-0.0000218	-0.024	0	0
-0.00002159999	-0.008	0	0
-0.00002139999	-0.008	0	0
-0.00002119999	0.	0	0
-0.00002099999	0.008	0	0
-0.00002079999	-0.008	0	0
-0.00002059999	-0.008	0	0
-0.00002039999	-0.008	0	0
-0.00002019999	-0.016	0	0
-0.00002	-0.008	0	0
-0.0000198	-0.008	0	0
-0.0000196	0.	0	0
-0.0000194	-0.008	0	0
-0.0000192	0.	0	0
-0.000019	-0.016	0	0
-0.0000188	-0.008	0	0
-0.0000186	-0.008	0	0
-0.0000184	0.	0	0
-0.0000182	0.	0	0
-0.000018	0.	0	0
-0.0000178	-0.008	0	0
-0.0000176	0.	0	0
-0.0000174	-0.008	0	0
-0.0000172	-0.008	0	0
-0.000017	0.	0	0
-0.0000168	0.008	0	0
-0.0000166	0.008	0	0
-0.0000164	-0.008	0	0
-0.0000162	-0.008	0	0
-0.000016	0.	0	0
-0.0000158	0.	0	0
-0.0000156	-0.008	0	0
-0.0000154	0.	0	0
-0.0000152	-0.008	0	0
-0.000015	0.	0	0
-0.0000148	-0.008	0	0
-0.0000146	-0.008	0	0
-0.0000144	0.	0	0
-0.0000142	-0.008	0	0
-0.000014	0.	0	0
-0.0000138	-0.008	0	0
-0.0000136	-0.008	0	0
-0.0000134	-0.008	0	0
-0.0000132	-0.016	0	0
-0.000013	-0.008	0	0
-0.0000128	-0.008	0	0
-0.0000126	-0.008	0	0
-0.0000124	-0.024	0	0
-0.0000122	-0.016	0	0
-0.000012	0.	0	0
-0.0000118	0.	0	0
-0.0000116	-0.008	0	0
-0.0000114	-0.032	0	0
-0.0000112	-0.008	0	0
-0.000011	-0.008	0	0
-0.0000108	-0.016	0	0
-0.0000106	-0.016	0	0
-0.0000104	-0.008	0	0
-0.0000102	-0.008	0	0
-9.999994e-6	-0.008	0	0
-9.799994e-6	-0.008	0	0
-9.599994e-6	-0.008	0	0
-9.399994e-6	-0.008	0	0
-9.199994e-6	-0.008	0	0
-8.999994e-6	0.	0	0
-8.799994e-6	0.	0	0
-8.599994e-6	-0.008	0	0
-8.399994e-6	-0.008	0	0
-8.199994e-6	-0.016	0	0
-7.999994e-6	-0.016	0	0
-7.799994e-6	-0.008	0	0
-7.599994e-6	0.008	0	0
-7.399994e-6	-0.008	0	0
-7.19999e-6	0.	0	0
-6.99999e-6	-0.016	0	0
-6.79999e-6	0.008	0	0
-6.59999e-6	0.008	0	0
-6.39999e-6	0.	0	0
-6.19999e-6	0.	0	0
-5.99999e-6	-0.024	0	0
-5.79999e-6	-0.008	0	0
-5.59999e-6	-0.016	0	0
-5.39999e-6	0.	0	0
-5.19999e-6	-0.008	0	0
-4.99999e-6	-0.008	0	0
-4.79999e-6	-0.008	0	0
-4.59999e-6	-0.008	0	0
-4.39999e-6	0.	0	0
-4.19999e-6	0.	0	0
-3.99999e-6	-0.008	0	0
-3.79999e-6	0.	0	0
-3.59999e-6	0.008	0	0
-3.39999e-6	-0.008	0	0
-3.19999e-6	-0.016	0	0
-2.99999e-6	-0.008	0	0
-2.79999e-6	-0.008	0	0
-2.6e-6	-0.008	0	0
-2.4e-6	0.	0	0
-2.2e-6	-0.008	0	0
-2.e-6	-0.008	0	0
-1.8e-6	-0.008	0	0
-1.6e-6	0.	0	0
-1.4e-6	-0.008	0	0
-1.2e-6	-0.008	0	0
-1.e-6	0.	0	0
-7.99993927e-7	-0.016	0	0
-5.99993939e-7	-0.016	0	0
-3.9999392e-7	-0.016	0	0
-1.9999392e-7	0.	0	0
6.08225e-12	0.	0	0
2.0000608e-7	0.008	0	0
4.0000609e-7	0.024	0	0
6.00006103e-7	0.048	0	0
8.00006092e-7	0.056000002	0	0
1.e-6	0.088000007	0	0
1.2e-6	0.104	0	0
1.4e-6	0.136	0	0
1.6e-6	0.16000001	0	0
1.8e-6	0.18400002	0	0
2.e-6	0.208	0	0
2.2e-6	0.24000001	0	0
2.4e-6	0.24800001	0	0
2.6e-6	0.27200001	0	0
2.80001e-6	0.28	0	0
3.00001e-6	0.296	0	0
3.20001e-6	0.32000002	0	0
3.40001e-6	0.33600003	0	0
3.60001e-6	0.33600003	0	0
3.80001e-6	0.35200003	0	0
4.00001e-6	0.36800003	0	0
4.20001e-6	0.36800003	0	0
4.40001e-6	0.37600002	0	0
4.60001e-6	0.384	0	0
4.80001e-6	0.39200002	0	0
5.00001e-6	0.40000001	0	0
5.20001e-6	0.408000022	0	0
5.40001e-6	0.416000009	0	0
5.60001e-6	0.424000025	0	0
5.80001e-6	0.424000025	0	0
6.00001e-6	0.440000027	0	0
6.20001e-6	0.448000014	0	0
6.40001e-6	0.448000014	0	0
6.60001e-6	0.45600003	0	0
6.80001e-6	0.45600003	0	0
7.00001e-6	0.464000016	0	0
7.20001e-6	0.472000033	0	0
7.400006e-6	0.464000016	0	0
7.600006e-6	0.480000019	0	0
7.800006e-6	0.480000019	0	0
8.000006e-6	0.488000035	0	0
8.200006e-6	0.488000035	0	0
8.400006e-6	0.496000022	0	0
8.600006e-6	0.512000024	0	0
8.800006e-6	0.504000008	0	0
9.000006e-6	0.512000024	0	0
9.200006e-6	0.504000008	0	0
9.400006e-6	0.512000024	0	0
9.600006e-6	0.520000041	0	0
9.800006e-6	0.527999997	0	0
0.00001	0.536000013	0	0
0.0000102	0.527999997	0	0
0.0000104	0.54400003	0	0
0.0000106	0.527999997	0	0
0.0000108	0.552000046	0	0
0.000011	0.54400003	0	0
0.0000112	0.54400003	0	0
0.0000114	0.552000046	0	0
0.0000116	0.552000046	0	0
0.0000118	0.560000002	0	0
0.000012	0.568000019	0	0
0.0000122	0.560000002	0	0
0.0000124	0.568000019	0	0
0.0000126	0.576000035	0	0
0.0000128	0.576000035	0	0
0.000013	0.568000019	0	0
0.0000132	0.584000051	0	0
0.0000134	0.584000051	0	0
0.0000136	0.576000035	0	0
0.0000138	0.584000051	0	0
0.000014	0.592000008	0	0
0.0000142	0.584000051	0	0
0.0000144	0.600000024	0	0
0.0000146	0.600000024	0	0
0.0000148	0.592000008	0	0
0.000015	0.600000024	0	0
0.0000152	0.600000024	0	0
0.0000154	0.600000024	0	0
0.0000156	0.60800004	0	0
0.0000158	0.60800004	0	0
0.000016	0.60800004	0	0
0.0000162	0.616000056	0	0
0.0000164	0.60800004	0	0
0.0000166	0.616000056	0	0
0.0000168	0.624000013	0	0
0.000017	0.616000056	0	0
0.0000172	0.60800004	0	0
0.0000174	0.616000056	0	0
0.0000176	0.632000029	0	0
0.0000178	0.624000013	0	0
0.000018	0.624000013	0	0
0.0000182	0.632000029	0	0
0.0000184	0.624000013	0	0
0.0000186	0.632000029	0	0
0.0000188	0.640000045	0	0
0.000019	0.640000045	0	0
0.0000192	0.632000029	0	0
0.0000194	0.624000013	0	0
0.0000196	0.632000029	0	0
0.0000198	0.632000029	0	0
0.00002	0.640000045	0	0
0.00002020001	0.640000045	0	0
0.00002040001	0.648000002	0	0
0.00002060001	0.648000002	0	0
0.00002080001	0.648000002	0	0
0.00002100001	0.648000002	0	0
0.00002120001	0.648000002	0	0
0.00002140001	0.656000018	0	0
0.00002160001	0.648000002	0	0
0.00002180001	0.664000034	0	0
0.00002200001	0.656000018	0	0
0.00002220001	0.672000051	0	0
0.00002240001	0.664000034	0	0
0.00002260001	0.672000051	0	0
0.00002280001	0.656000018	0	0
0.00002300001	0.672000051	0	0
0.00002320001	0.664000034	0	0
0.00002340001	0.672000051	0	0
0.00002360001	0.672000051	0	0
0.00002380001	0.664000034	0	0
0.00002400001	0.672000051	0	0
0.00002420001	0.672000051	0	0
0.00002440001	0.688000023	0	0
0.00002460001	0.680000007	0	0
0.00002480001	0.688000023	0	0
0.00002500001	0.680000007	0	0
0.00002520001	0.688000023	0	0
0.00002540001	0.688000023	0	0
0.00002560001	0.688000023	0	0
0.00002580001	0.680000007	0	0
0.00002600001	0.680000007	0	0
0.00002620001	0.688000023	0	0
0.00002640001	0.704000056	0	0
0.00002660001	0.688000023	0	0
0.00002680001	0.704000056	0	0
0.00002700001	0.69600004	0	0
0.00002720001	0.712000012	0	0
0.00002740001	0.688000023	0	0
0.00002760001	0.69600004	0	0
0.00002780001	0.704000056	0	0
0.00002800001	0.69600004	0	0
0.00002820001	0.69600004	0	0
0.00002840001	0.712000012	0	0
0.00002860001	0.69600004	0	0
0.00002880001	0.712000012	0	0
0.00002900001	0.704000056	0	0
0.00002920001	0.712000012	0	0
0.00002940001	0.704000056	0	0
0.00002960001	0.704000056	0	0
0.00002980001	0.712000012	0	0
0.00003000001	0.712000012	0	0
0.00003020001	0.712000012	0	0
0.00003040001	0.712000012	0	0
0.00003060001	0.712000012	0	0
0.00003080001	0.720000029	0	0
0.00003100001	0.712000012	0	0
0.0000312	0.720000029	0	0
0.00003140001	0.728000045	0	0
0.00003160001	0.728000045	0	0
0.00003180001	0.712000012	0	0
0.00003200001	0.720000029	0	0
0.00003220001	0.720000029	0	0
0.00003240001	0.728000045	0	0
0.00003260001	0.720000029	0	0
0.00003280001	0.728000045	0	0
0.00003300001	0.736000061	0	0
0.00003320001	0.728000045	0	0
0.00003340001	0.736000061	0	0
0.0000336	0.736000061	0	0
0.00003380001	0.736000061	0	0
0.00003400001	0.752000034	0	0
0.00003420001	0.744000018	0	0
0.00003440001	0.728000045	0	0
0.00003460001	0.736000061	0	0
0.00003480001	0.736000061	0	0
0.00003500001	0.744000018	0	0
0.00003520001	0.744000018	0	0
0.00003540001	0.744000018	0	0
0.00003560001	0.744000018	0	0
0.00003580001	0.744000018	0	0
0.000036	0.736000061	0	0
0.00003620001	0.752000034	0	0
0.00003640001	0.744000018	0	0
0.00003660001	0.744000018	0	0
0.00003680001	0.744000018	0	0
0.00003700001	0.736000061	0	0
0.00003720001	0.752000034	0	0
0.00003740001	0.752000034	0	0
0.00003760001	0.744000018	0	0
0.00003780001	0.744000018	0	0
0.00003800001	0.752000034	0	0
0.00003820001	0.752000034	0	0
0.0000384	0.752000034	0	0
0.00003860001	0.744000018	0	0
0.00003880001	0.752000034	0	0
0.00003900001	0.744000018	0	0
0.00003920001	0.752000034	0	0
0.00003940001	0.752000034	0	0
0.00003960001	0.768000007	0	0
0.0000398	0.752000034	0	0
0.00004000001	0.752000034	0	0
0.00004020001	0.768000007	0	0
0.00004040001	0.768000007	0	0
0.00004060001	0.76000005	0	0
0.00004080001	0.76000005	0	0
0.00004100001	0.768000007	0	0
0.00004120001	0.76000005	0	0
0.00004140001	0.752000034	0	0
0.00004160001	0.768000007	0	0
0.00004180001	0.76000005	0	0
0.00004200001	0.768000007	0	0
0.0000422	0.768000007	0	0
0.00004240001	0.76000005	0	0
0.00004260001	0.768000007	0	0
0.00004280001	0.776000023	0	0
0.00004300001	0.76000005	0	0
0.00004320001	0.768000007	0	0
0.00004340001	0.776000023	0	0
0.00004360001	0.776000023	0	0
0.00004380001	0.776000023	0	0
0.00004400001	0.768000007	0	0
0.00004420001	0.768000007	0	0
0.00004440001	0.76000005	0	0
0.0000446	0.768000007	0	0
0.00004480001	0.776000023	0	0
0.00004500001	0.776000023	0	0
0.00004520001	0.776000023	0	0
0.00004540001	0.776000023	0	0
0.00004560001	0.776000023	0	0
0.00004580001	0.776000023	0	0
0.00004600001	0.776000023	0	0
0.00004620001	0.784000039	0	0
0.00004640001	0.784000039	0	0
0.00004660001	0.784000039	0	0
0.00004680001	0.776000023	0	0
0.000047	0.784000039	0	0
0.00004720001	0.784000039	0	0
0.00004740001	0.776000023	0	0
0.00004760001	0.784000039	0	0
0.00004780001	0.792000055	0	0
0.00004800001	0.784000039	0	0
0.00004820001	0.784000039	0	0
0.00004840001	0.792000055	0	0
0.00004860001	0.792000055	0	0
0.00004880001	0.792000055	0	0
0.00004900001	0.800000012	0	0
0.00004920001	0.784000039	0	0
0.00004940001	0.800000012	0	0
0.00004960001	0.800000012	0	0
0.00004980001	0.784000039	0	0
0.00005000001	0.792000055	0	0
0.00005020001	0.800000012	0	0
0.00005040001	0.800000012	0	0
0.00005060001	0.792000055	0	0
0.00005080001	0.800000012	0	0
0.00005100001	0.792000055	0	0
0.00005120001	0.792000055	0	0
0.00005140001	0.808000028	0	0
0.00005160001	0.792000055	0	0
0.00005180001	0.808000028	0	0
0.00005200001	0.800000012	0	0
0.00005220001	0.800000012	0	0
0.00005240001	0.800000012	0	0
0.00005260001	0.808000028	0	0
0.00005280001	0.808000028	0	0
0.00005300001	0.800000012	0	0
0.0000532	0.808000028	0	0
0.00005340001	0.808000028	0	0
0.00005360001	0.808000028	0	0
0.00005380001	0.800000012	0	0
0.00005400001	0.800000012	0	0
0.00005420001	0.808000028	0	0
0.00005440001	0.800000012	0	0
0.000054600008	0.816000044	0	0
0.000054800006	0.816000044	0	0
0.000055000008	0.816000044	0	0
0.000055200006	0.800000012	0	0
0.000055400007	0.808000028	0	0
0.000055600005	0.808000028	0	0
0.000055800007	0.800000012	0	0
0.000056000008	0.808000028	0	0
0.000056200006	0.800000012	0	0
0.000056400007	0.816000044	0	0
0.000056600005	0.808000028	0	0
0.000056800007	0.816000044	0	0
0.000057000008	0.816000044	0	0
0.000057200006	0.808000028	0	0
0.000057400008	0.816000044	0	0
0.000057600006	0.816000044	0	0
0.000057800007	0.808000028	0	0
0.000058000005	0.816000044	0	0
0.000058200007	0.808000028	0	0
0.000058400008	0.816000044	0	0
0.000058600006	0.816000044	0	0
0.000058800008	0.808000028	0	0
0.000059000005	0.808000028	0	0
0.000059200007	0.816000044	0	0
0.000059400008	0.816000044	0	0
0.000059600006	0.824000061	0	0
0.000059800008	0.816000044	0	0
0.000060000006	0.824000061	0	0
0.000060200007	0.824000061	0	0
0.000060400005	0.808000028	0	0
0.000060600007	0.816000044	0	0
0.000060800008	0.816000044	0	0
0.000061000006	0.816000044	0	0
0.000061200008	0.816000044	0	0
0.000061400009	0.824000061	0	0
0.000061600003	0.824000061	0	0
0.000061800005	0.824000061	0	0
0.000062000006	0.824000061	0	0
0.000062200008	0.824000061	0	0
0.000062400009	0.816000044	0	0
0.000062600004	0.832000017	0	0
0.000062800005	0.832000017	0	0
0.000063000007	0.832000017	0	0
0.000063200008	0.832000017	0	0
0.00006340001	0.832000017	0	0
0.000063600004	0.832000017	0	0
0.000063800006	0.832000017	0	0
0.000064000007	0.832000017	0	0
0.000064200009	0.832000017	0	0
0.00006440001	0.832000017	0	0
0.000064600004	0.832000017	0	0
0.000064800006	0.824000061	0	0
0.000065000007	0.832000017	0	0
0.000065200009	0.824000061	0	0
0.000065400003	0.832000017	0	0
0.000065600005	0.824000061	0	0
0.000065800006	0.832000017	0	0
0.000066000008	0.824000061	0	0
0.000066200009	0.840000033	0	0
0.000066400004	0.840000033	0	0
0.000066600005	0.832000017	0	0
0.000066800007	0.832000017	0	0
0.000067000008	0.840000033	0	0
0.00006720001	0.832000017	0	0
0.000067400004	0.824000061	0	0
0.000067600005	0.840000033	0	0
0.000067800007	0.840000033	0	0
0.000068000008	0.84800005	0	0
0.00006820001	0.832000017	0	0
0.000068400004	0.840000033	0	0
0.000068600006	0.84800005	0	0
0.000068800007	0.840000033	0	0
0.000069000009	0.840000033	0	0
0.00006920001	0.84800005	0	0
0.000069400005	0.856000066	0	0
0.000069600006	0.840000033	0	0
0.000069800008	0.840000033	0	0
0.000070000009	0.840000033	0	0
0.000070200003	0.84800005	0	0
0.000070400005	0.840000033	0	0
0.000070600006	0.840000033	0	0
0.000070800008	0.84800005	0	0
0.000071000009	0.840000033	0	0
0.000071200004	0.840000033	0	0
0.000071400005	0.84800005	0	0
0.000071600007	0.856000066	0	0
0.000071800008	0.856000066	0	0
0.00007200001	0.84800005	0	0
0.000072200004	0.84800005	0	0
0.000072400006	0.84800005	0	0
0.000072600007	0.84800005	0	0
0.000072800009	0.856000066	0	0
0.00007300001	0.84800005	0	0
0.000073200004	0.856000066	0	0
0.000073400006	0.84800005	0	0
0.000073600007	0.84800005	0	0
0.000073800009	0.856000066	0	0
0.00007400001	0.856000066	0	0
0.000074200005	0.84800005	0	0
0.000074400006	0.856000066	0	0
0.000074600008	0.856000066	0	0
0.000074800009	0.84800005	0	0
0.000075000004	0.856000066	0	0
0.000075200005	0.84800005	0	0
0.000075400007	0.856000066	0	0
0.000075600008	0.856000066	0	0
0.00007580001	0.84800005	0	0
0.000076000004	0.856000066	0	0
0.000076200005	0.856000066	0	0
0.000076400007	0.864000022	0	0
0.000076600008	0.84800005	0	0
0.00007680001	0.856000066	0	0
0.000077000004	0.864000022	0	0
0.000077200006	0.864000022	0	0
0.000077400007	0.856000066	0	0
0.000077600009	0.856000066	0	0
0.00007780001	0.864000022	0	0
0.000078000005	0.84800005	0	0
0.000078200006	0.872000039	0	0
0.000078400008	0.84800005	0	0
0.000078600009	0.840000033	0	0
0.000078800003	0.856000066	0	0
0.000079000005	0.856000066	0	0
0.000079200006	0.864000022	0	0
0.000079400008	0.856000066	0	0
0.000079600009	0.864000022	0	0
0.000079800004	0.864000022	0	0
0.000080000005	0.864000022	0	0
0.000080200007	0.864000022	0	0
0.000080400008	0.856000066	0	0
0.00008060001	0.864000022	0	0
0.000080800004	0.864000022	0	0
0.000081000006	0.864000022	0	0
0.000081200007	0.872000039	0	0
0.000081400009	0.880000055	0	0
0.00008160001	0.864000022	0	0
0.000081800004	0.872000039	0	0
0.000082000006	0.872000039	0	0
0.000082200007	0.864000022	0	0
0.000082400009	0.872000039	0	0
0.000082600011	0.872000039	0	0
0.000082800005	0.872000039	0	0
0.000083000006	0.872000039	0	0
0.000083200008	0.880000055	0	0
0.000083400009	0.872000039	0	0
0.000083600004	0.872000039	0	0
0.000083800005	0.872000039	0	0
0.000084000007	0.864000022	0	0
0.000084200008	0.880000055	0	0
0.00008440001	0.872000039	0	0
0.000084600004	0.872000039	0	0
0.000084800005	0.872000039	0	0
0.000085000007	0.872000039	0	0
0.000085200008	0.872000039	0	0
0.00008540001	0.872000039	0	0
0.000085600004	0.880000055	0	0
0.000085800006	0.872000039	0	0
0.000086000007	0.880000055	0	0
0.000086200009	0.872000039	0	0
0.00008640001	0.880000055	0	0
0.000086600005	0.872000039	0	0
0.000086800006	0.872000039	0	0
0.000087000008	0.872000039	0	0
0.000087200009	0.864000022	0	0
0.000087400011	0.888000071	0	0
0.000087600005	0.880000055	0	0
0.000087800006	0.880000055	0	0
0.000088000008	0.880000055	0	0
0.000088200009	0.880000055	0	0
0.000088400004	0.880000055	0	0
0.000088600005	0.872000039	0	0
0.000088800007	0.880000055	0	0
0.000089000008	0.880000055	0	0
0.00008920001	0.880000055	0	0
0.000089400004	0.880000055	0	0
0.000089600006	0.880000055	0	0
0.000089800007	0.888000071	0	0
0.000090000009	0.888000071	0	0
0.00009020001	0.880000055	0	0
0.000090400004	0.888000071	0	0
0.000090600006	0.872000039	0	0
0.000090800007	0.888000071	0	0
0.000091000009	0.880000055	0	0
0.000091200011	0.880000055	0	0
0.000091400005	0.880000055	0	0
0.000091600006	0.896000028	0	0
0.000091800008	0.888000071	0	0
0.000092000009	0.888000071	0	0
0.000092200004	0.880000055	0	0
0.000092400005	0.888000071	0	0
0.000092600007	0.888000071	0	0
0.000092800008	0.888000071	0	0
0.00009300001	0.888000071	0	0
0.000093200004	0.880000055	0	0
0.000093400005	0.888000071	0	0
0.000093600007	0.888000071	0	0
0.000093800008	0.888000071	0	0
0.00009400001	0.888000071	0	0
0.000094200004	0.888000071	0	0
0.000094400006	0.896000028	0	0
0.000094600007	0.896000028	0	0
0.000094800009	0.896000028	0	0
0.00009500001	0.896000028	0	0
0.000095200005	0.880000055	0	0
0.000095400006	0.896000028	0	0
0.000095600008	0.888000071	0	0
0.000095800009	0.888000071	0	0
0.000096000011	0.888000071	0	0
0.000096200005	0.896000028	0	0
0.000096400006	0.888000071	0	0
0.000096600008	0.888000071	0	0
0.000096800009	0.888000071	0	0
0.000097000004	0.896000028	0	0
0.000097200005	0.896000028	0	0
0.000097400007	0.888000071	0	0
0.000097600008	0.896000028	0	0
0.00009780001	0.896000028	0	0
0.000098000004	0.896000028	0	0
0.000098200006	0.896000028	0	0
0.000098400007	0.888000071	0	0
0.000098600009	0.896000028	0	0
0.00009880001	0.896000028	0	0
0.000099000004	0.888000071	0	0
0.000099200006	0.904000044	0	0
0.000099400007	0.880000055	0	0
0.000099600009	0.896000028	0	0
0.000099800011	0.904000044	0	0
0.0001	0.904000044	0	0
0.0001002	0.888000071	0	0
0.0001004	0.904000044	0	0
0.0001006	0.888000071	0	0
0.0001008	0.888000071	0	0
0.000101	0.896000028	0	0
0.0001012	0.91200006	0	0
0.0001014	0.91200006	0	0
0.0001016	0.904000044	0	0
0.0001018	0.896000028	0	0
0.000102	0.896000028	0	0
0.0001022	0.904000044	0	0
0.0001024	0.904000044	0	0
0.0001026	0.896000028	0	0
0.0001028	0.896000028	0	0
0.000103	0.904000044	0	0
0.0001032	0.904000044	0	0
0.0001034	0.904000044	0	0
0.0001036	0.904000044	0	0
0.0001038	0.896000028	0	0
0.000104	0.904000044	0	0
0.0001042	0.904000044	0	0
0.0001044	0.91200006	0	0
0.0001046	0.896000028	0	0
0.0001048	0.904000044	0	0
0.000105	0.91200006	0	0
0.0001052	0.896000028	0	0
0.0001054	0.904000044	0	0
0.0001056	0.904000044	0	0
0.0001058	0.91200006	0	0
0.000106	0.896000028	0	0
0.0001062	0.896000028	0	0
0.0001064	0.896000028	0	0
0.0001066	0.904000044	0	0
0.0001068	0.904000044	0	0
0.000107	0.904000044	0	0
0.0001072	0.904000044	0	0
0.0001074	0.904000044	0	0
0.0001076	0.904000044	0	0
0.0001078	0.91200006	0	0
0.000108	0.91200006	0	0
0.0001082	0.904000044	0	0
0.0001084	0.91200006	0	0
0.0001086	0.904000044	0	0
0.0001088	0.91200006	0	0
0.000109	0.91200006	0	0
0.0001092	0.91200006	0	0
0.0001094	0.91200006	0	0
0.0001096	0.91200006	0	0
0.0001098	0.91200006	0	0
0.00011	0.896000028	0	0
0.0001102	0.91200006	0	0
0.0001104	0.904000044	0	0
0.0001106	0.920000017	0	0
0.0001108	0.91200006	0	0
0.000111	0.904000044	0	0
0.0001112	0.91200006	0	0
0.0001114	0.920000017	0	0
0.0001116	0.91200006	0	0
0.0001118	0.904000044	0	0
0.000112	0.904000044	0	0
0.0001122	0.91200006	0	0
0.0001124	0.91200006	0	0
0.0001126	0.896000028	0	0
0.0001128	0.920000017	0	0
0.000113	0.904000044	0	0
0.0001132	0.91200006	0	0
0.0001134	0.920000017	0	0
0.0001136	0.920000017	0	0
0.0001138	0.920000017	0	0
0.000114	0.91200006	0	0
0.0001142	0.904000044	0	0
0.0001144	0.91200006	0	0
0.0001146	0.904000044	0	0
0.0001148	0.91200006	0	0
0.000115	0.91200006	0	0
0.0001152	0.904000044	0	0
0.0001154	0.91200006	0	0
0.0001156	0.91200006	0	0
0.0001158	0.91200006	0	0
0.000116	0.928000033	0	0
0.0001162	0.920000017	0	0
0.0001164	0.91200006	0	0
0.0001166	0.91200006	0	0
0.0001168	0.91200006	0	0
0.000117	0.904000044	0	0
0.0001172	0.920000017	0	0
0.0001174	0.904000044	0	0
0.0001176	0.920000017	0	0
0.0001178	0.920000017	0	0
0.000118	0.920000017	0	0
0.0001182	0.904000044	0	0
0.0001184	0.920000017	0	0
0.0001186	0.91200006	0	0
0.0001188	0.920000017	0	0
0.000119	0.920000017	0	0
0.0001192	0.904000044	0	0
0.0001194	0.928000033	0	0
0.0001196	0.920000017	0	0
0.0001198	0.920000017	0	0
0.00012	0.91200006	0	0
0.0001202	0.904000044	0	0
0.0001204	0.920000017	0	0
0.0001206	0.920000017	0	0
0.0001208	0.904000044	0	0
0.000121	0.91200006	0	0
0.0001212	0.920000017	0	0
0.0001214	0.91200006	0	0
0.0001216	0.91200006	0	0
0.0001218	0.91200006	0	0
0.000122	0.91200006	0	0
0.0001222	0.91200006	0	0
0.0001224	0.91200006	0	0
0.0001226	0.91200006	0	0
0.0001228	0.920000017	0	0
0.000123	0.91200006	0	0
0.0001232	0.928000033	0	0
0.0001234	0.91200006	0	0
0.0001236	0.91200006	0	0
0.0001238	0.920000017	0	0
0.000124	0.920000017	0	0
0.0001242	0.91200006	0	0
0.0001244	0.91200006	0	0
0.0001246	0.920000017	0	0
0.0001248	0.91200006	0	0
0.000125	0.91200006	0	0
0.0001252	0.920000017	0	0
0.0001254	0.91200006	0	0
0.0001256	0.920000017	0	0
0.0001258	0.920000017	0	0
0.000126	0.920000017	0	0
0.0001262	0.928000033	0	0
0.0001264	0.928000033	0	0
0.0001266	0.91200006	0	0
0.0001268	0.920000017	0	0
0.000127	0.928000033	0	0
0.0001272	0.920000017	0	0
0.0001274	0.920000017	0	0
0.0001276	0.920000017	0	0
0.0001278	0.920000017	0	0
0.000128	0.928000033	0	0
0.0001282	0.920000017	0	0
0.0001284	0.91200006	0	0
0.0001286	0.920000017	0	0
0.0001288	0.928000033	0	0
0.000129	0.920000017	0	0
0.0001292	0.920000017	0	0
0.0001294	0.928000033	0	0
0.0001296	0.928000033	0	0
0.0001298	0.91200006	0	0
0.00013	0.920000017	0	0
0.0001302	0.920000017	0	0
0.0001304	0.91200006	0	0
0.0001306	0.920000017	0	0
0.0001308	0.920000017	0	0
0.000131	0.920000017	0	0
0.0001312	0.920000017	0	0
0.0001314	0.920000017	0	0
0.0001316	0.928000033	0	0
0.0001318	0.91200006	0	0
0.000132	0.920000017	0	0
0.0001322	0.928000033	0	0
0.0001324	0.904000044	0	0
0.0001326	0.920000017	0	0
0.0001328	0.920000017	0	0
0.000133	0.920000017	0	0
0.0001332	0.920000017	0	0
0.0001334	0.920000017	0	0
0.0001336	0.920000017	0	0
0.0001338	0.91200006	0	0
0.000134	0.920000017	0	0
0.0001342	0.928000033	0	0
0.0001344	0.928000033	0	0
0.0001346	0.920000017	0	0
0.0001348	0.91200006	0	0
0.000135	0.91200006	0	0
0.0001352	0.920000017	0	0
0.0001354	0.920000017	0	0
0.0001356	0.91200006	0	0
0.0001358	0.920000017	0	0
0.000136	0.920000017	0	0
0.0001362	0.91200006	0	0
0.0001364	0.920000017	0	0
0.0001366	0.920000017	0	0
0.0001368	0.91200006	0	0
0.000137	0.920000017	0	0
0.0001372	0.928000033	0	0
0.0001374	0.920000017	0	0
0.0001376	0.928000033	0	0
0.0001378	0.920000017	0	0
0.000138	0.928000033	0	0
0.0001382	0.928000033	0	0
0.0001384	0.920000017	0	0
0.0001386	0.920000017	0	0
0.0001388	0.936000049	0	0
0.000139	0.928000033	0	0
0.0001392	0.936000049	0	0
0.0001394	0.928000033	0	0
0.0001396	0.928000033	0	0
0.0001398	0.928000033	0	0
0.00014	0.920000017	0	0
0.0001402	0.920000017	0	0
0.0001404	0.920000017	0	0
0.0001406	0.920000017	0	0
0.0001408	0.920000017	0	0
0.000141	0.928000033	0	0
0.0001412	0.928000033	0	0
0.0001414	0.920000017	0	0
0.0001416	0.920000017	0	0
0.0001418	0.928000033	0	0
0.000142	0.920000017	0	0
0.0001422	0.920000017	0	0
0.0001424	0.928000033	0	0
0.0001426	0.928000033	0	0
0.0001428	0.928000033	0	0
0.000143	0.928000033	0	0
0.0001432	0.920000017	0	0
0.0001434	0.904000044	0	0
0.0001436	0.91200006	0	0
0.0001438	0.928000033	0	0
0.000144	0.920000017	0	0
0.0001442	0.920000017	0	0
0.0001444	0.928000033	0	0
0.0001446	0.920000017	0	0
0.0001448	0.91200006	0	0
0.000145	0.920000017	0	0
0.0001452	0.920000017	0	0
0.0001454	0.920000017	0	0
0.0001456	0.936000049	0	0
0.0001458	0.920000017	0	0
0.000146	0.936000049	0	0
0.0001462	0.928000033	0	0
0.0001464	0.928000033	0	0
0.0001466	0.91200006	0	0
0.0001468	0.920000017	0	0
0.000147	0.928000033	0	0
0.0001472	0.920000017	0	0
0.0001474	0.928000033	0	0
0.0001476	0.936000049	0	0
0.0001478	0.920000017	0	0
0.000148	0.928000033	0	0
0.0001482	0.91200006	0	0
0.0001484	0.920000017	0	0
0.00014860001	0.920000017	0	0
0.00014880001	0.928000033	0	0
0.00014900001	0.928000033	0	0
0.0001492	0.928000033	0	0
0.0001494	0.928000033	0	0
0.0001496	0.91200006	0	0
0.00014980001	0.920000017	0	0
0.00015000001	0.920000017	0	0
0.00015020001	0.91200006	0	0
0.00015040001	0.928000033	0	0
0.00015060001	0.920000017	0	0
0.00015080001	0.920000017	0	0
0.00015100001	0.928000033	0	0
0.0001512	0.920000017	0	0
0.0001514	0.920000017	0	0
0.0001516	0.920000017	0	0
0.00015180001	0.920000017	0	0
0.00015200001	0.920000017	0	0
0.00015220001	0.928000033	0	0
0.00015240001	0.920000017	0	0
0.00015260001	0.928000033	0	0
0.00015280001	0.920000017	0	0
0.000153	0.928000033	0	0
0.0001532	0.928000033	0	0
0.0001534	0.920000017	0	0
0.00015360001	0.91200006	0	0
0.00015380001	0.920000017	0	0
0.00015400001	0.928000033	0	0
0.00015420001	0.920000017	0	0
0.00015440001	0.928000033	0	0
0.00015460001	0.920000017	0	0
0.00015480001	0.920000017	0	0
0.000155	0.920000017	0	0
0.0001552	0.91200006	0	0
0.0001554	0.920000017	0	0
0.00015560001	0.91200006	0	0
0.00015580001	0.920000017	0	0
0.00015600001	0.920000017	0	0
0.00015620001	0.920000017	0	0
0.00015640001	0.920000017	0	0
0.00015660001	0.920000017	0	0
0.0001568	0.920000017	0	0
0.000157	0.91200006	0	0
0.0001572	0.920000017	0	0
0.00015740001	0.928000033	0	0
0.00015760001	0.920000017	0	0
0.00015780001	0.91200006	0	0
0.00015800001	0.920000017	0	0
0.00015820001	0.920000017	0	0
0.00015840001	0.928000033	0	0
0.00015860001	0.928000033	0	0
0.0001588	0.928000033	0	0
0.000159	0.920000017	0	0
0.0001592	0.920000017	0	0
0.00015940001	0.928000033	0	0
0.00015960001	0.920000017	0	0
0.00015980001	0.920000017	0	0
0.00016000001	0.920000017	0	0
0.00016020001	0.936000049	0	0
0.00016040001	0.928000033	0	0
0.00016060002	0.920000017	0	0
0.0001608	0.920000017	0	0
0.000161	0.928000033	0	0
0.00016120001	0.920000017	0	0
0.00016140001	0.91200006	0	0
0.00016160001	0.920000017	0	0
0.00016180001	0.904000044	0	0
0.00016200001	0.920000017	0	0
0.00016220001	0.920000017	0	0
0.00016240001	0.920000017	0	0
0.0001626	0.928000033	0	0
0.0001628	0.920000017	0	0
0.000163	0.920000017	0	0
0.00016320001	0.920000017	0	0
0.00016340001	0.928000033	0	0
0.00016360001	0.928000033	0	0
0.00016380001	0.928000033	0	0
0.00016400001	0.928000033	0	0
0.00016420001	0.920000017	0	0
0.00016440001	0.928000033	0	0
0.0001646	0.920000017	0	0
0.0001648	0.920000017	0	0
0.000165	0.920000017	0	0
0.00016520001	0.920000017	0	0
0.00016540001	0.928000033	0	0
0.00016560001	0.920000017	0	0
0.00016580001	0.920000017	0	0
0.00016600001	0.91200006	0	0
0.00016620001	0.91200006	0	0
0.0001664	0.91200006	0	0
0.0001666	0.920000017	0	0
0.0001668	0.920000017	0	0
0.00016700001	0.91200006	0	0
0.00016720001	0.920000017	0	0
0.00016740001	0.920000017	0	0
0.00016760001	0.920000017	0	0
0.00016780001	0.920000017	0	0
0.00016800001	0.920000017	0	0
0.00016820001	0.920000017	0	0
0.0001684	0.928000033	0	0
0.0001686	0.928000033	0	0
0.0001688	0.928000033	0	0
0.00016900001	0.920000017	0	0
0.00016920001	0.928000033	0	0
0.00016940001	0.920000017	0	0
0.00016960001	0.936000049	0	0
0.00016980001	0.91200006	0	0
0.00017000001	0.928000033	0	0
0.0001702	0.920000017	0	0
0.0001704	0.91200006	0	0
0.0001706	0.920000017	0	0
0.00017080001	0.920000017	0	0
0.00017100001	0.920000017	0	0
0.00017120001	0.928000033	0	0
0.00017140001	0.920000017	0	0
0.00017160001	0.920000017	0	0
0.00017180001	0.920000017	0	0
0.00017200001	0.91200006	0	0
0.0001722	0.920000017	0	0
0.0001724	0.920000017	0	0
0.0001726	0.920000017	0	0
0.00017280001	0.920000017	0	0
0.00017300001	0.920000017	0	0
0.00017320001	0.904000044	0	0
0.00017340001	0.91200006	0	0
0.00017360001	0.928000033	0	0
0.00017380001	0.91200006	0	0
0.00017400002	0.91200006	0	0
0.0001742	0.91200006	0	0
0.0001744	0.91200006	0	0
0.00017460001	0.91200006	0	0
0.00017480001	0.920000017	0	0
0.00017500001	0.91200006	0	0
0.00017520001	0.91200006	0	0
0.00017540001	0.920000017	0	0
0.00017560001	0.91200006	0	0
0.00017580001	0.91200006	0	0
0.000176	0.91200006	0	0
0.0001762	0.920000017	0	0
0.0001764	0.920000017	0	0
0.00017660001	0.920000017	0	0
0.00017680001	0.91200006	0	0
0.00017700001	0.920000017	0	0
0.00017720001	0.928000033	0	0
0.00017740001	0.920000017	0	0
0.00017760001	0.91200006	0	0
0.00017780002	0.91200006	0	0
0.000178	0.920000017	0	0
0.0001782	0.920000017	0	0
0.00017840001	0.91200006	0	0
0.00017860001	0.91200006	0	0
0.00017880001	0.91200006	0	0
0.00017900001	0.928000033	0	0
0.00017920001	0.920000017	0	0
0.00017940001	0.91200006	0	0
0.00017960001	0.920000017	0	0
0.0001798	0.904000044	0	0
0.00018	0.91200006	0	0
0.0001802	0.920000017	0	0
0.00018040001	0.91200006	0	0
0.00018060001	0.91200006	0	0
0.00018080001	0.928000033	0	0
0.00018100001	0.904000044	0	0
0.00018120001	0.91200006	0	0
0.00018140001	0.920000017	0	0
0.00018160001	0.91200006	0	0
0.0001818	0.920000017	0	0
0.000182	0.920000017	0	0
0.0001822	0.920000017	0	0
0.00018240001	0.91200006	0	0
0.00018260001	0.920000017	0	0
0.00018280001	0.91200006	0	0
0.00018300001	0.91200006	0	0
0.00018320001	0.936000049	0	0
0.00018340001	0.920000017	0	0
0.0001836	0.91200006	0	0
0.0001838	0.920000017	0	0
0.000184	0.91200006	0	0
0.00018420001	0.91200006	0	0
0.00018440001	0.920000017	0	0
0.00018460001	0.920000017	0	0
0.00018480001	0.91200006	0	0
0.00018500001	0.91200006	0	0
0.00018520001	0.91200006	0	0
0.00018540001	0.91200006	0	0
0.0001856	0.920000017	0	0
0.0001858	0.920000017	0	0
0.000186	0.904000044	0	0
0.00018620001	0.91200006	0	0
0.00018640001	0.920000017	0	0
0.00018660001	0.920000017	0	0
0.00018680001	0.91200006	0	0
0.00018700001	0.920000017	0	0
0.00018720001	0.91200006	0	0
0.00018740002	0.920000017	0	0
0.0001876	0.920000017	0	0
0.0001878	0.920000017	0	0
0.00018800001	0.920000017	0	0
0.00018820001	0.91200006	0	0
0.00018840001	0.91200006	0	0
0.00018860001	0.920000017	0	0
0.00018880001	0.920000017	0	0
0.00018900001	0.91200006	0	0
0.00018920001	0.920000017	0	0
0.0001894	0.91200006	0	0
0.0001896	0.904000044	0	0
0.0001898	0.91200006	0	0
0.00019000001	0.920000017	0	0
0.00019020001	0.91200006	0	0
0.00019040001	0.928000033	0	0
0.00019060001	0.920000017	0	0
0.00019080001	0.920000017	0	0
0.00019100001	0.904000044	0	0
0.00019120002	0.91200006	0	0
0.0001914	0.920000017	0	0
0.0001916	0.91200006	0	0
0.00019180001	0.91200006	0	0
0.00019200001	0.920000017	0	0
0.00019220001	0.920000017	0	0
0.00019240001	0.928000033	0	0
0.00019260001	0.91200006	0	0
0.00019280001	0.91200006	0	0
0.00019300001	0.91200006	0	0
0.0001932	0.91200006	0	0
0.0001934	0.920000017	0	0
0.0001936	0.920000017	0	0
0.00019380001	0.920000017	0	0
0.00019400001	0.920000017	0	0
0.00019420001	0.904000044	0	0
0.00019440001	0.91200006	0	0
0.00019460001	0.920000017	0	0
0.00019480001	0.91200006	0	0
0.00019500002	0.920000017	0	0
0.0001952	0.91200006	0	0
0.0001954	0.920000017	0	0
0.00019560001	0.920000017	0	0
0.00019580001	0.920000017	0	0
0.00019600001	0.91200006	0	0
0.00019620001	0.91200006	0	0
0.00019640001	0.920000017	0	0
0.00019660001	0.920000017	0	0
0.00019680001	0.91200006	0	0
0.000197	0.920000017	0	0
0.0001972	0.920000017	0	0
0.0001974	0.91200006	0	0
0.00019760001	0.904000044	0	0
0.00019780001	0.904000044	0	0
0.00019800001	0.91200006	0	0
0.00019820001	0.91200006	0	0
0.00019840001	0.920000017	0	0
0.00019860001	0.920000017	0	0
0.00019880001	0.920000017	0	0
0.000199	0.920000017	0	0
0.0001992	0.904000044	0	0
0.0001994	0.91200006	0	0
0.00019960001	0.91200006	0	0
0.00019980001	0.91200006	0	0
0.00020000001	0.91200006	0	0
0.00020020001	0.91200006	0	0
0.00020040001	0.91200006	0	0
0.00020060001	0.91200006	0	0
0.00020080002	0.904000044	0	0
0.000201	0.904000044	0	0
0.0002012	0.920000017	0	0
0.00020140001	0.904000044	0	0
0.00020160001	0.91200006	0	0
0.00020180001	0.91200006	0	0
0.00020200001	0.920000017	0	0
0.00020220001	0.91200006	0	0
0.00020240001	0.91200006	0	0
0.00020260001	0.91200006	0	0
0.0002028	0.91200006	0	0
0.000203	0.91200006	0	0
0.0002032	0.920000017	0	0
0.00020340001	0.91200006	0	0
0.00020360001	0.920000017	0	0
0.00020380001	0.91200006	0	0
0.00020400001	0.920000017	0	0
0.00020420001	0.91200006	0	0
0.00020440001	0.91200006	0	0
0.00020460002	0.91200006	0	0
0.0002048	0.920000017	0	0
0.000205	0.91200006	0	0
0.00020520001	0.920000017	0	0
0.00020540001	0.920000017	0	0
0.00020560001	0.920000017	0	0
0.00020580001	0.920000017	0	0
0.00020600001	0.920000017	0	0
0.00020620001	0.91200006	0	0
0.00020640001	0.920000017	0	0
0.0002066	0.920000017	0	0
0.0002068	0.920000017	0	0
0.000207	0.91200006	0	0
0.00020720001	0.928000033	0	0
0.00020740001	0.91200006	0	0
0.00020760001	0.904000044	0	0
0.00020780001	0.91200006	0	0
0.00020800001	0.91200006	0	0
0.00020820001	0.904000044	0	0
0.00020840002	0.920000017	0	0
0.0002086	0.920000017	0	0
0.0002088	0.91200006	0	0
0.00020900001	0.91200006	0	0
0.00020920001	0.904000044	0	0
0.00020940001	0.904000044	0	0
0.00020960001	0.91200006	0	0
0.00020980001	0.920000017	0	0
0.00021000001	0.91200006	0	0
0.00021020001	0.91200006	0	0
0.0002104	0.920000017	0	0
0.0002106	0.928000033	0	0
0.0002108	0.920000017	0	0
0.00021100001	0.920000017	0	0
0.00021120001	0.904000044	0	0
0.00021140001	0.920000017	0	0
0.00021160001	0.904000044	0	0
0.00021180001	0.91200006	0	0
0.00021200001	0.920000017	0	0
0.00021220002	0.91200006	0	0
0.0002124	0.91200006	0	0
0.0002126	0.920000017	0	0
0.00021280001	0.91200006	0	0
0.00021300001	0.920000017	0	0
0.00021320001	0.920000017	0	0
0.00021340001	0.920000017	0	0
0.00021360001	0.904000044	0	0
0.00021380001	0.91200006	0	0
0.00021400001	0.896000028	0	0
0.00021420002	0.91200006	0	0
0.0002144	0.91200006	0	0
0.0002146	0.91200006	0	0
0.00021480001	0.91200006	0	0
0.00021500001	0.920000017	0	0
0.00021520001	0.904000044	0	0
0.00021540001	0.91200006	0	0
0.00021560001	0.91200006	0	0
0.00021580001	0.91200006	0	0
0.00021600001	0.904000044	0	0
0.0002162	0.91200006	0	0
0.0002164	0.91200006	0	0
0.0002166	0.91200006	0	0
0.00021680001	0.91200006	0	0
0.00021700001	0.904000044	0	0
0.00021720001	0.904000044	0	0
0.00021740001	0.904000044	0	0
0.00021760001	0.920000017	0	0
0.00021780001	0.91200006	0	0
0.00021800002	0.920000017	0	0
0.0002182	0.91200006	0	0
0.0002184	0.904000044	0	0
0.00021860001	0.920000017	0	0
0.00021880001	0.91200006	0	0
0.00021900001	0.904000044	0	0
0.00021920001	0.904000044	0	0
0.00021940001	0.904000044	0	0
0.00021960001	0.91200006	0	0
0.00021980001	0.904000044	0	0
0.00022	0.91200006	0	0
0.0002202	0.91200006	0	0
0.0002204	0.904000044	0	0
0.00022060001	0.896000028	0	0
0.00022080001	0.896000028	0	0
0.00022100001	0.91200006	0	0
0.00022120001	0.904000044	0	0
0.00022140001	0.920000017	0	0
0.00022160001	0.904000044	0	0
0.00022180002	0.920000017	0	0
0.000222	0.904000044	0	0
0.0002222	0.920000017	0	0
0.00022240001	0.904000044	0	0
0.00022260001	0.904000044	0	0
0.00022280001	0.91200006	0	0
0.00022300001	0.904000044	0	0
0.00022320001	0.896000028	0	0
0.00022340001	0.920000017	0	0
0.00022360001	0.91200006	0	0
0.0002238	0.91200006	0	0
0.000224	0.904000044	0	0
0.0002242	0.91200006	0	0
0.00022440001	0.91200006	0	0
0.00022460001	0.904000044	0	0
0.00022480001	0.91200006	0	0
0.00022500001	0.904000044	0	0
0.00022520001	0.91200006	0	0
0.00022540001	0.904000044	0	0
0.00022560002	0.904000044	0	0
0.0002258	0.91200006	0	0
0.000226	0.896000028	0	0
0.00022620001	0.920000017	0	0
0.00022640001	0.91200006	0	0
0.00022660001	0.91200006	0	0
0.00022680001	0.904000044	0	0
0.00022700001	0.91200006	0	0
0.00022720001	0.904000044	0	0
0.00022740001	0.904000044	0	0
0.00022760002	0.904000044	0	0
0.0002278	0.920000017	0	0
0.000228	0.91200006	0	0
0.00022820001	0.928000033	0	0
0.00022840001	0.91200006	0	0
0.00022860001	0.928000033	0	0
0.00022880001	0.904000044	0	0
0.00022900001	0.91200006	0	0
0.00022920001	0.91200006	0	0
0.00022940002	0.91200006	0	0
0.0002296	0.91200006	0	0
0.0002298	0.904000044	0	0
0.00023000001	0.920000017	0	0
0.00023020001	0.91200006	0	0
0.00023040001	0.904000044	0	0
0.00023060001	0.904000044	0	0
0.00023080001	0.904000044	0	0
0.00023100001	0.904000044	0	0
0.00023120001	0.91200006	0	0
0.00023140002	0.91200006	0	0
0.0002316	0.896000028	0	0
0.0002318	0.91200006	0	0
0.00023200001	0.91200006	0	0
0.00023220001	0.896000028	0	0
0.00023240001	0.904000044	0	0
0.00023260001	0.904000044	0	0
0.00023280001	0.904000044	0	0
0.00023300001	0.91200006	0	0
0.00023320001	0.91200006	0	0
0.0002334	0.91200006	0	0
0.0002336	0.904000044	0	0
0.0002338	0.904000044	0	0
0.00023400001	0.904000044	0	0
0.00023420001	0.91200006	0	0
0.00023440001	0.91200006	0	0
0.00023460001	0.904000044	0	0
0.00023480001	0.91200006	0	0
0.00023500001	0.91200006	0	0
0.00023520002	0.904000044	0	0
0.0002354	0.896000028	0	0
0.0002356	0.904000044	0	0
0.00023580001	0.904000044	0	0
0.00023600001	0.91200006	0	0
0.00023620001	0.904000044	0	0
0.00023640001	0.904000044	0	0
0.00023660001	0.91200006	0	0
0.00023680001	0.91200006	0	0
0.00023700001	0.904000044	0	0
0.0002372	0.904000044	0	0
0.0002374	0.904000044	0	0
0.0002376	0.904000044	0	0
0.00023780001	0.904000044	0	0
0.00023800001	0.91200006	0	0
0.00023820001	0.904000044	0	0
0.00023840001	0.91200006	0	0
0.00023860001	0.920000017	0	0
0.00023880001	0.91200006	0	0
0.00023900002	0.904000044	0	0
0.0002392	0.904000044	0	0
0.0002394	0.904000044	0	0
0.00023960001	0.904000044	0	0
0.00023980001	0.91200006	0	0
0.00024000001	0.920000017	0	0
0.00024020001	0.904000044	0	0
0.00024040001	0.896000028	0	0
0.00024060001	0.904000044	0	0
0.00024080001	0.91200006	0	0
0.00024100002	0.904000044	0	0
0.0002412	0.91200006	0	0
0.0002414	0.904000044	0	0
0.00024160001	0.904000044	0	0
0.00024180001	0.904000044	0	0
0.00024200001	0.896000028	0	0
0.00024220001	0.904000044	0	0
0.00024240001	0.904000044	0	0
0.00024260001	0.904000044	0	0
0.00024280002	0.91200006	0	0
0.000243	0.91200006	0	0
0.0002432	0.904000044	0	0
0.00024340001	0.896000028	0	0
0.00024360001	0.904000044	0	0
0.00024380001	0.91200006	0	0
0.00024400001	0.896000028	0	0
0.0002442	0.904000044	0	0
0.0002444	0.91200006	0	0
0.0002446	0.904000044	0	0
0.0002448	0.920000017	0	0
0.000245	0.91200006	0	0
0.0002452	0.904000044	0	0
0.00024540001	0.896000028	0	0
0.00024560001	0.904000044	0	0
0.00024580001	0.904000044	0	0
0.00024600001	0.920000017	0	0
0.00024620001	0.904000044	0	0
0.00024640001	0.91200006	0	0
0.00024660002	0.904000044	0	0
0.00024680002	0.904000044	0	0
0.00024700002	0.91200006	0	0
0.00024720002	0.904000044	0	0
0.00024740002	0.91200006	0	0
0.00024760002	0.91200006	0	0
0.0002478	0.91200006	0	0
0.000248	0.920000017	0	0
0.0002482	0.91200006	0	0
0.0002484	0.904000044	0	0
0.0002486	0.904000044	0	0
0.0002488	0.91200006	0	0
0.000249	0.904000044	0	0
0.00024920001	0.904000044	0	0
0.00024940001	0.904000044	0	0
0.00024960001	0.904000044	0	0
0.00024980001	0.91200006	0	0
0.00025000001	0.91200006	0	0
0.00025020001	0.91200006	0	0
0.00025040001	0.91200006	0	0
0.00025060002	0.904000044	0	0
0.00025080002	0.920000017	0	0
0.00025100002	0.896000028	0	0
0.00025120002	0.904000044	0	0
0.00025140002	0.904000044	0	0
0.00025159999	0.91200006	0	0
0.0002518	0.91200006	0	0
0.000252	0.91200006	0	0
0.0002522	0.904000044	0	0
0.0002524	0.904000044	0	0
0.0002526	0.896000028	0	0
0.0002528	0.904000044	0	0
0.00025300001	0.920000017	0	0
0.00025320001	0.904000044	0	0
0.00025340001	0.896000028	0	0
0.00025360001	0.896000028	0	0
0.00025380001	0.896000028	0	0
0.00025400001	0.904000044	0	0
0.00025420001	0.904000044	0	0
0.00025440002	0.904000044	0	0
0.00025460002	0.91200006	0	0
0.00025480002	0.91200006	0	0
0.00025500002	0.904000044	0	0
0.00025520002	0.904000044	0	0
0.00025539999	0.904000044	0	0
0.0002556	0.896000028	0	0
0.0002558	0.91200006	0	0
0.000256	0.91200006	0	0
0.0002562	0.904000044	0	0
0.0002564	0.91200006	0	0
0.0002566	0.904000044	0	0
0.00025680001	0.904000044	0	0
0.00025700001	0.904000044	0	0
0.00025720001	0.904000044	0	0
0.00025740001	0.91200006	0	0
0.00025760001	0.896000028	0	0
0.00025780001	0.91200006	0	0
0.00025800001	0.904000044	0	0
0.00025820002	0.91200006	0	0
0.00025840002	0.91200006	0	0
0.00025860002	0.904000044	0	0
0.00025880002	0.896000028	0	0
0.00025900002	0.904000044	0	0
0.00025919999	0.904000044	0	0
0.0002594	0.91200006	0	0
0.0002596	0.904000044	0	0
0.0002598	0.91200006	0	0
0.00026	0.91200006	0	0
0.0002602	0.904000044	0	0
0.0002604	0.896000028	0	0
0.00026060001	0.904000044	0	0
0.00026080001	0.904000044	0	0
0.00026100001	0.91200006	0	0
0.00026120001	0.896000028	0	0
0.00026140001	0.91200006	0	0
0.00026160001	0.904000044	0	0
0.00026180001	0.91200006	0	0
0.00026200002	0.904000044	0	0
0.00026220002	0.904000044	0	0
0.00026240002	0.91200006	0	0
0.00026260002	0.91200006	0	0
0.00026280002	0.896000028	0	0
0.00026300002	0.904000044	0	0
0.0002632	0.904000044	0	0
0.0002634	0.904000044	0	0
0.0002636	0.904000044	0	0
0.0002638	0.904000044	0	0
0.000264	0.904000044	0	0
0.0002642	0.904000044	0	0
0.00026440001	0.904000044	0	0
0.00026460001	0.904000044	0	0
0.00026480001	0.91200006	0	0
0.00026500001	0.904000044	0	0
0.00026520001	0.904000044	0	0
0.00026540001	0.904000044	0	0
0.00026560001	0.904000044	0	0
0.00026580002	0.91200006	0	0
0.00026600002	0.896000028	0	0
0.00026620002	0.896000028	0	0
0.00026640002	0.904000044	0	0
0.00026660002	0.904000044	0	0
0.00026680002	0.896000028	0	0
0.000267	0.91200006	0	0
0.0002672	0.904000044	0	0
0.0002674	0.91200006	0	0
0.0002676	0.91200006	0	0
0.0002678	0.904000044	0	0
0.000268	0.91200006	0	0
0.0002682	0.904000044	0	0
0.00026840001	0.91200006	0	0
0.00026860001	0.904000044	0	0
0.00026880001	0.904000044	0	0
0.00026900001	0.904000044	0	0
0.00026920001	0.91200006	0	0
0.00026940001	0.896000028	0	0
0.00026960002	0.904000044	0	0
0.00026980002	0.904000044	0	0
0.00027000002	0.91200006	0	0
0.00027020002	0.904000044	0	0
0.00027040002	0.904000044	0	0
0.00027060002	0.904000044	0	0
0.0002708	0.904000044	0	0
0.000271	0.896000028	0	0
0.0002712	0.904000044	0	0
0.0002714	0.904000044	0	0
0.0002716	0.904000044	0	0
0.0002718	0.896000028	0	0
0.000272	0.904000044	0	0
0.00027220001	0.896000028	0	0
0.00027240001	0.888000071	0	0
0.00027260001	0.896000028	0	0
0.00027280001	0.904000044	0	0
0.00027300001	0.896000028	0	0
0.00027320001	0.896000028	0	0
0.00027340002	0.904000044	0	0
0.00027360002	0.896000028	0	0
0.00027380002	0.904000044	0	0
0.00027400002	0.904000044	0	0
0.00027420002	0.904000044	0	0
0.00027440002	0.904000044	0	0
0.0002746	0.904000044	0	0
0.0002748	0.904000044	0	0
0.000275	0.896000028	0	0
0.0002752	0.904000044	0	0
0.0002754	0.896000028	0	0
0.0002756	0.920000017	0	0
0.0002758	0.904000044	0	0
0.00027600001	0.904000044	0	0
0.00027620001	0.904000044	0	0
0.00027640001	0.896000028	0	0
0.00027660001	0.904000044	0	0
0.00027680001	0.896000028	0	0
0.00027700001	0.896000028	0	0
0.00027720002	0.896000028	0	0
0.00027740002	0.904000044	0	0
0.00027760002	0.888000071	0	0
0.00027780002	0.888000071	0	0
0.00027800002	0.888000071	0	0
0.00027820002	0.904000044	0	0
0.0002784	0.896000028	0	0
0.0002786	0.888000071	0	0
0.0002788	0.896000028	0	0
0.000279	0.896000028	0	0
0.0002792	0.904000044	0	0
0.0002794	0.91200006	0	0
0.0002796	0.896000028	0	0
0.00027980001	0.904000044	0	0
0.00028000001	0.896000028	0	0
0.00028020001	0.896000028	0	0
0.00028040001	0.904000044	0	0
0.00028060001	0.904000044	0	0
0.00028080001	0.896000028	0	0
0.00028100002	0.896000028	0	0
0.00028120002	0.904000044	0	0
0.00028140002	0.904000044	0	0
0.00028160002	0.904000044	0	0
0.00028180002	0.91200006	0	0
0.00028200002	0.904000044	0	0
0.0002822	0.904000044	0	0
0.0002824	0.888000071	0	0
0.0002826	0.896000028	0	0
0.0002828	0.896000028	0	0
0.000283	0.896000028	0	0
0.0002832	0.896000028	0	0
0.0002834	0.904000044	0	0
0.00028360001	0.904000044	0	0
0.00028380001	0.896000028	0	0
0.00028400001	0.904000044	0	0
0.00028420001	0.904000044	0	0
0.00028440001	0.904000044	0	0
0.00028460001	0.904000044	0	0
0.00028480001	0.904000044	0	0
0.00028500002	0.896000028	0	0
0.00028520002	0.896000028	0	0
0.00028540002	0.904000044	0	0
0.00028560002	0.904000044	0	0
0.00028580002	0.888000071	0	0
0.00028599999	0.896000028	0	0
0.0002862	0.904000044	0	0
0.0002864	0.896000028	0	0
0.0002866	0.896000028	0	0
0.0002868	0.896000028	0	0
0.000287	0.896000028	0	0
0.0002872	0.896000028	0	0
0.00028740001	0.904000044	0	0
0.00028760001	0.91200006	0	0
0.00028780001	0.896000028	0	0
0.00028800001	0.896000028	0	0
0.00028820001	0.888000071	0	0
0.00028840001	0.896000028	0	0
0.00028860001	0.888000071	0	0
0.00028880002	0.904000044	0	0
0.00028900002	0.904000044	0	0
0.00028920002	0.896000028	0	0
0.00028940002	0.896000028	0	0
0.00028960002	0.888000071	0	0
0.00028980002	0.896000028	0	0
0.00029	0.896000028	0	0
0.0002902	0.896000028	0	0
0.0002904	0.896000028	0	0
0.0002906	0.896000028	0	0
0.0002908	0.896000028	0	0
0.000291	0.896000028	0	0
0.00029120001	0.904000044	0	0
0.00029140001	0.904000044	0	0
0.00029160001	0.888000071	0	0
0.00029180001	0.904000044	0	0
0.00029200001	0.896000028	0	0
0.00029220001	0.896000028	0	0
0.00029240001	0.904000044	0	0
0.00029260002	0.904000044	0	0
0.00029280002	0.904000044	0	0
0.00029300002	0.904000044	0	0
0.00029320002	0.896000028	0	0
0.00029340002	0.896000028	0	0
0.00029360002	0.888000071	0	0
0.0002938	0.888000071	0	0
0.000294	0.896000028	0	0
0.0002942	0.888000071	0	0
0.0002944	0.896000028	0	0
0.0002946	0.896000028	0	0
0.0002948	0.896000028	0	0
0.00029500001	0.904000044	0	0
0.00029520001	0.888000071	0	0
0.00029540001	0.896000028	0	0
0.00029560001	0.888000071	0	0
0.00029580001	0.896000028	0	0