-0.000244	-0.008	0	0
-0.00024379999	-0.016	0	0
-0.00024359999	-0.008	0	0
-0.00024339999	0.	0	0
-0.00024319999	-0.008	0	0
-0.000243	-0.008	0	0
-0.0002428	0.	0	0
-0.0002426	-0.008	0	0
-0.0002424	-0.016	0	0
-0.0002422	0.	0	0
-0.00024199999	-0.016	0	0
-0.00024179999	-0.008	0	0
-0.00024159999	0.	0	0
-0.00024139999	-0.008	0	0
-0.00024119999	0.	0	0
-0.000241	-0.008	0	0
-0.0002408	-0.008	0	0
-0.0002406	-0.008	0	0
-0.0002404	-0.008	0	0
-0.0002402	-0.008	0	0
-0.00023999999	-0.008	0	0
-0.00023979999	-0.008	0	0
-0.00023959999	-0.008	0	0
-0.00023939999	-0.008	0	0
-0.0002392	-0.016	0	0
-0.000239	0.	0	0
-0.0002388	-0.016	0	0
-0.0002386	-0.016	0	0
-0.0002384	-0.008	0	0
-0.00023819999	0.008	0	0
-0.00023799999	-0.008	0	0
-0.00023779999	-0.008	0	0
-0.00023759999	-0.016	0	0
-0.00023739999	-0.008	0	0
-0.0002372	-0.008	0	0
-0.000237	-0.008	0	0
-0.0002368	-0.008	0	0
-0.0002366	0.	0	0
-0.0002364	0.	0	0
-0.00023619999	-0.008	0	0
-0.00023599999	0.	0	0
-0.00023579999	0.	0	0
-0.00023559999	-0.008	0	0
-0.00023539999	-0.008	0	0
-0.0002352	-0.008	0	0
-0.000235	-0.008	0	0
-0.0002348	-0.008	0	0
-0.0002346	0.	0	0
-0.00023439999	0.	0	0
-0.00023419999	0.008	0	0
-0.00023399999	0.	0	0
-0.00023379999	0.008	0	0
-0.00023359999	-0.008	0	0
-0.0002334	-0.008	0	0
-0.0002332	0.	0	0
-0.000233	-0.008	0	0
-0.0002328	-0.008	0	0
-0.0002326	-0.008	0	0
-0.00023239999	0.	0	0
-0.00023219999	-0.008	0	0
-0.00023199999	-0.008	0	0
-0.00023179999	-0.008	0	0
-0.00023159999	-0.008	0	0
-0.0002314	-0.008	0	0
-0.0002312	-0.008	0	0
-0.000231	-0.016	0	0
-0.0002308	-0.008	0	0
-0.0002306	-0.008	0	0
-0.00023039999	0.	0	0
-0.00023019999	-0.016	0	0
-0.00022999999	-0.016	0	0
-0.00022979999	-0.016	0	0
-0.0002296	-0.008	0	0
-0.0002294	-0.008	0	0
-0.0002292	0.	0	0
-0.000229	-0.008	0	0
-0.0002288	-0.008	0	0
-0.00022859999	-0.008	0	0
-0.00022839999	-0.008	0	0
-0.00022819999	0.	0	0
-0.00022799999	-0.008	0	0
-0.00022779999	-0.008	0	0
-0.0002276	0.	0	0
-0.0002274	0.	0	0
-0.0002272	0.	0	0
-0.000227	-0.016	0	0
-0.0002268	0.	0	0
-0.00022659999	-0.008	0	0
-0.00022639999	-0.008	0	0
-0.00022619999	-0.008	0	0
-0.00022599999	0.	0	0
-0.0002258	-0.008	0	0
-0.0002256	0.	0	0
-0.0002254	0.	0	0
-0.0002252	-0.008	0	0
-0.000225	-0.008	0	0
-0.00022479999	-0.008	0	0
-0.00022459999	-0.008	0	0
-0.00022439999	-0.016	0	0
-0.00022419999	-0.008	0	0
-0.00022399999	0.	0	0
-0.0002238	-0.016	0	0
-0.0002236	-0.016	0	0
-0.0002234	-0.008	0	0
-0.0002232	-0.008	0	0
-0.000223	-0.008	0	0
-0.00022279999	-0.016	0	0
-0.00022259999	-0.016	0	0
-0.00022239999	-0.016	0	0
-0.00022219999	-0.008	0	0
-0.00022199999	0.	0	0
-0.0002218	-0.008	0	0
-0.0002216	-0.008	0	0
-0.0002214	-0.008	0	0
-0.0002212	-0.016	0	0
-0.00022099999	-0.008	0	0
-0.00022079999	-0.016	0	0
-0.00022059999	-0.008	0	0
-0.00022039999	0.	0	0
-0.00022019999	-0.008	0	0
-0.00022	-0.008	0	0
-0.0002198	-0.008	0	0
-0.0002196	-0.008	0	0
-0.0002194	-0.008	0	0
-0.0002192	-0.008	0	0
-0.00021899999	-0.008	0	0
-0.00021879999	0.	0	0
-0.00021859999	-0.016	0	0
-0.00021839999	-0.008	0	0
-0.00021819999	-0.016	0	0
-0.000218	0.	0	0
-0.0002178	-0.016	0	0
-0.0002176	0.	0	0
-0.0002174	0.	0	0
-0.00021719999	-0.008	0	0
-0.00021699999	-0.008	0	0
-0.00021679999	-0.008	0	0
-0.00021659999	-0.008	0	0
-0.00021639999	-0.016	0	0
-0.0002162	0.	0	0
-0.000216	-0.008	0	0
-0.0002158	-0.008	0	0
-0.0002156	0.	0	0
-0.0002154	0.	0	0
-0.00021519999	-0.008	0	0
-0.00021499999	-0.008	0	0
-0.00021479999	-0.008	0	0
-0.00021459999	-0.008	0	0
-0.00021439999	0.008	0	0
-0.0002142	-0.008	0	0
-0.000214	0.	0	0
-0.0002138	0.	0	0
-0.0002136	-0.008	0	0
-0.0002134	0.	0	0
-0.00021319999	-0.008	0	0
-0.00021299999	-0.008	0	0
-0.00021279999	0.	0	0
-0.00021259999	0.	0	0
-0.0002124	0.	0	0
-0.0002122	-0.016	0	0
-0.000212	0.	0	0
-0.0002118	0.	0	0
-0.0002116	0.	0	0
-0.00021139999	0.	0	0
-0.00021119999	0.	0	0
-0.00021099999	-0.008	0	0
-0.00021079999	-0.008	0	0
-0.00021059999	-0.008	0	0
-0.0002104	-0.024	0	0
-0.0002102	-0.008	0	0
-0.00021	-0.008	0	0
-0.0002098	0.	0	0
-0.0002096	0.	0	0
-0.00020939999	-0.008	0	0
-0.00020919999	-0.024	0	0
-0.00020899999	-0.016	0	0
-0.00020879999	-0.008	0	0
-0.00020859999	-0.008	0	0
-0.0002084	-0.008	0	0
-0.0002082	-0.016	0	0
-0.000208	-0.008	0	0
-0.0002078	-0.008	0	0
-0.00020759999	-0.008	0	0
-0.00020739999	-0.024	0	0
-0.00020719999	-0.016	0	0
-0.00020699999	0.	0	0
-0.00020679999	0.	0	0
-0.0002066	-0.024	0	0
-0.0002064	-0.008	0	0
-0.0002062	-0.024	0	0
-0.000206	0.	0	0
-0.0002058	0.	0	0
-0.00020559999	-0.008	0	0
-0.00020539999	-0.008	0	0
-0.00020519999	-0.008	0	0
-0.00020499999	-0.008	0	0
-0.00020479999	-0.008	0	0
-0.0002046	-0.008	0	0
-0.0002044	-0.016	0	0
-0.0002042	-0.008	0	0
-0.000204	0.	0	0
-0.00020379999	-0.016	0	0
-0.00020359999	0.	0	0
-0.00020339999	-0.024	0	0
-0.00020319999	-0.016	0	0
-0.00020299999	-0.008	0	0
-0.0002028	-0.016	0	0
-0.0002026	-0.008	0	0
-0.0002024	0.	0	0
-0.0002022	-0.016	0	0
-0.000202	-0.008	0	0
-0.00020179999	0.	0	0
-0.00020159999	-0.008	0	0
-0.00020139999	-0.016	0	0
-0.00020119999	-0.008	0	0
-0.00020099999	0.	0	0
-0.0002008	-0.008	0	0
-0.0002006	0.	0	0
-0.0002004	-0.008	0	0
-0.0002002	-0.008	0	0
-0.00019999999	-0.008	0	0
-0.00019979999	-0.016	0	0
-0.00019959999	-0.016	0	0
-0.00019939999	-0.008	0	0
-0.00019919999	-0.008	0	0
-0.000199	-0.008	0	0
-0.0001988	-0.008	0	0
-0.0001986	-0.016	0	0
-0.0001984	-0.008	0	0
-0.0001982	0.	0	0
-0.00019799999	-0.008	0	0
-0.00019779999	-0.008	0	0
-0.00019759999	-0.016	0	0
-0.00019739999	-0.016	0	0
-0.00019719999	-0.008	0	0
-0.000197	-0.008	0	0
-0.0001968	0.	0	0
-0.0001966	0.	0	0
-0.0001964	-0.016	0	0
-0.0001962	0.	0	0
-0.00019599999	0.	0	0
-0.00019579999	-0.016	0	0
-0.00019559999	-0.008	0	0
-0.00019539999	-0.008	0	0
-0.00019519999	0.	0	0
-0.000195	-0.008	0	0
-0.0001948	-0.008	0	0
-0.0001946	-0.008	0	0
-0.0001944	0.	0	0
-0.00019419999	-0.008	0	0
-0.00019399999	-0.008	0	0
-0.00019379999	-0.008	0	0
-0.00019359999	-0.008	0	0
-0.00019339999	-0.016	0	0
-0.0001932	-0.016	0	0
-0.000193	-0.016	0	0
-0.0001928	-0.016	0	0
-0.0001926	-0.008	0	0
-0.0001924	-0.008	0	0
-0.00019219999	-0.008	0	0
-0.00019199999	-0.008	0	0
-0.00019179999	-0.016	0	0
-0.00019159999	0.	0	0
-0.00019139999	-0.008	0	0
-0.0001912	0.	0	0
-0.000191	-0.008	0	0
-0.0001908	-0.008	0	0
-0.0001906	-0.016	0	0
-0.00019039999	-0.016	0	0
-0.00019019999	-0.008	0	0
-0.00018999999	-0.016	0	0
-0.00018979999	0.	0	0
-0.00018959999	-0.008	0	0
-0.0001894	-0.024	0	0
-0.0001892	-0.008	0	0
-0.000189	0.008	0	0
-0.0001888	0.	0	0
-0.0001886	-0.008	0	0
-0.00018839999	-0.008	0	0
-0.00018819999	0.	0	0
-0.00018799999	-0.008	0	0
-0.00018779999	-0.008	0	0
-0.00018759999	-0.008	0	0
-0.0001874	-0.016	0	0
-0.0001872	-0.008	0	0
-0.000187	-0.016	0	0
-0.0001868	-0.016	0	0
-0.00018659999	-0.016	0	0
-0.00018639999	-0.008	0	0
-0.00018619999	-0.008	0	0
-0.00018599999	-0.008	0	0
-0.00018579999	-0.008	0	0
-0.0001856	-0.016	0	0
-0.0001854	-0.008	0	0
-0.0001852	-0.008	0	0
-0.000185	-0.008	0	0
-0.0001848	-0.008	0	0
-0.00018459999	-0.008	0	0
-0.00018439999	-0.016	0	0
-0.00018419999	-0.008	0	0
-0.00018399999	-0.008	0	0
-0.00018379999	0.	0	0
-0.0001836	-0.008	0	0
-0.0001834	-0.008	0	0
-0.0001832	-0.016	0	0
-0.000183	-0.008	0	0
-0.00018279999	0.008	0	0
-0.00018259999	-0.016	0	0
-0.00018239999	-0.008	0	0
-0.00018219999	-0.008	0	0
-0.00018199999	0.	0	0
-0.00018179999	-0.008	0	0
-0.0001816	-0.016	0	0
-0.0001814	-0.008	0	0
-0.0001812	-0.016	0	0
-0.000181	-0.008	0	0
-0.00018079999	-0.008	0	0
-0.00018059999	-0.008	0	0
-0.00018039999	0.	0	0
-0.00018019999	-0.008	0	0
-0.00017999999	-0.016	0	0
-0.0001798	-0.016	0	0
-0.0001796	-0.008	0	0
-0.0001794	-0.016	0	0
-0.0001792	-0.008	0	0
-0.000179	-0.008	0	0
-0.00017879999	0.	0	0
-0.00017859999	0.	0	0
-0.00017839999	0.	0	0
-0.00017819999	-0.024	0	0
-0.00017799999	-0.016	0	0
-0.0001778	-0.008	0	0
-0.0001776	-0.016	0	0
-0.0001774	-0.016	0	0
-0.0001772	-0.016	0	0
-0.00017699999	-0.008	0	0
-0.00017679999	-0.016	0	0
-0.00017659999	-0.016	0	0
-0.00017639999	0.	0	0
-0.00017619999	-0.008	0	0
-0.000176	-0.008	0	0
-0.0001758	-0.016	0	0
-0.0001756	-0.016	0	0
-0.0001754	-0.008	0	0
-0.0001752	-0.008	0	0
-0.00017499999	-0.016	0	0
-0.00017479999	-0.016	0	0
-0.00017459999	-0.008	0	0
-0.00017439999	-0.008	0	0
-0.00017419999	-0.008	0	0
-0.000174	-0.008	0	0
-0.0001738	-0.008	0	0
-0.0001736	-0.016	0	0
-0.0001734	-0.016	0	0
-0.00017319999	-0.016	0	0
-0.00017299999	0.	0	0
-0.00017279999	0.	0	0
-0.00017259999	-0.008	0	0
-0.00017239999	-0.008	0	0
-0.0001722	-0.008	0	0
-0.000172	-0.008	0	0
-0.0001718	-0.008	0	0
-0.0001716	0.	0	0
-0.0001714	0.	0	0
-0.00017119999	-0.016	0	0
-0.00017099999	0.	0	0
-0.00017079999	-0.016	0	0
-0.00017059999	-0.008	0	0
-0.00017039999	-0.008	0	0
-0.0001702	-0.008	0	0
-0.00017	-0.008	0	0
-0.0001698	-0.008	0	0
-0.0001696	-0.024	0	0
-0.00016939999	-0.008	0	0
-0.00016919999	0.	0	0
-0.00016899999	-0.008	0	0
-0.00016879999	0.008	0	0
-0.00016859999	-0.008	0	0
-0.00016839999	0.	0	0
-0.0001682	0.	0	0
-0.000168	-0.008	0	0
-0.0001678	-0.016	0	0
-0.0001676	-0.008	0	0
-0.00016739999	-0.008	0	0
-0.00016719999	0.	0	0
-0.00016699999	-0.016	0	0
-0.00016679999	-0.008	0	0
-0.00016659999	-0.008	0	0
-0.0001664	0.	0	0
-0.0001662	0.008	0	0
-0.000166	-0.016	0	0
-0.0001658	-0.016	0	0
-0.00016559999	0.	0	0
-0.00016539999	-0.008	0	0
-0.00016519999	-0.008	0	0
-0.00016499999	-0.008	0	0
-0.00016479999	0.	0	0
-0.00016459999	-0.008	0	0
-0.0001644	-0.008	0	0
-0.0001642	0.	0	0
-0.000164	0.	0	0
-0.0001638	0.	0	0
-0.00016359999	-0.008	0	0
-0.00016339999	-0.016	0	0
-0.00016319999	-0.008	0	0
-0.00016299999	-0.008	0	0
-0.00016279999	-0.008	0	0
-0.0001626	-0.008	0	0
-0.0001624	-0.016	0	0
-0.0001622	-0.008	0	0
-0.000162	-0.016	0	0
-0.0001618	-0.016	0	0
-0.00016159999	-0.016	0	0
-0.00016139999	-0.008	0	0
-0.00016119999	-0.008	0	0
-0.00016099999	-0.016	0	0
-0.00016079999	0.008	0	0
-0.0001606	-0.008	0	0
-0.0001604	-0.008	0	0
-0.0001602	-0.008	0	0
-0.00016	0.	0	0
-0.00015979999	0.	0	0
-0.00015959999	-0.008	0	0
-0.00015939999	0.	0	0
-0.00015919999	0.	0	0
-0.00015899999	-0.008	0	0
-0.0001588	-0.008	0	0
-0.0001586	0.	0	0
-0.0001584	-0.024	0	0
-0.0001582	-0.008	0	0
-0.000158	-0.008	0	0
-0.00015779999	-0.016	0	0
-0.00015759999	-0.008	0	0
-0.00015739999	-0.008	0	0
-0.00015719999	0.	0	0
-0.00015699999	-0.008	0	0
-0.0001568	-0.008	0	0
-0.0001566	-0.008	0	0
-0.0001564	-0.008	0	0
-0.0001562	0.008	0	0
-0.00015599999	-0.016	0	0
-0.00015579999	0.	0	0
-0.00015559999	-0.008	0	0
-0.00015539999	-0.008	0	0
-0.00015519999	-0.016	0	0
-0.00015499999	0.	0	0
-0.0001548	-0.008	0	0
-0.0001546	-0.008	0	0
-0.0001544	-0.008	0	0
-0.0001542	-0.016	0	0
-0.00015399999	-0.008	0	0
-0.00015379999	-0.008	0	0
-0.00015359999	0.	0	0
-0.00015339999	-0.008	0	0
-0.00015319999	0.	0	0
-0.000153	-0.008	0	0
-0.0001528	-0.016	0	0
-0.0001526	0.	0	0
-0.0001524	-0.008	0	0
-0.00015219999	0.	0	0
-0.00015199999	0.	0	0
-0.00015179999	0.	0	0
-0.00015159999	0.	0	0
-0.00015139999	-0.008	0	0
-0.00015119999	0.	0	0
-0.000151	-0.008	0	0
-0.0001508	-0.016	0	0
-0.0001506	0.	0	0
-0.0001504	-0.008	0	0
-0.00015019999	-0.008	0	0
-0.00014999999	-0.008	0	0
-0.00014979999	-0.024	0	0
-0.00014959999	-0.008	0	0
-0.00014939999	0.	0	0
-0.0001492	0.	0	0
-0.000149	0.	0	0
-0.0001488	-0.008	0	0
-0.0001486	-0.008	0	0
-0.0001484	-0.008	0	0
-0.0001482	-0.008	0	0
-0.000148	-0.008	0	0
-0.0001478	0.	0	0
-0.0001476	-0.016	0	0
-0.0001474	-0.008	0	0
-0.0001472	-0.016	0	0
-0.000147	-0.008	0	0
-0.0001468	-0.008	0	0
-0.0001466	0.	0	0
-0.0001464	0.	0	0
-0.0001462	-0.008	0	0
-0.000146	-0.016	0	0
-0.0001458	0.	0	0
-0.0001456	0.	0	0
-0.0001454	-0.016	0	0
-0.0001452	-0.008	0	0
-0.000145	-0.008	0	0
-0.0001448	0.	0	0
-0.0001446	-0.008	0	0
-0.0001444	0.	0	0
-0.0001442	-0.008	0	0
-0.000144	-0.016	0	0
-0.0001438	-0.008	0	0
-0.0001436	0.	0	0
-0.0001434	-0.008	0	0
-0.0001432	-0.008	0	0
-0.000143	-0.016	0	0
-0.0001428	-0.008	0	0
-0.0001426	-0.008	0	0
-0.0001424	0.	0	0
-0.0001422	-0.016	0	0
-0.000142	-0.024	0	0
-0.0001418	-0.008	0	0
-0.0001416	-0.008	0	0
-0.0001414	0.	0	0
-0.0001412	-0.016	0	0
-0.000141	0.	0	0
-0.0001408	-0.008	0	0
-0.0001406	0.	0	0
-0.0001404	-0.008	0	0
-0.0001402	0.	0	0
-0.00014	-0.008	0	0
-0.0001398	0.	0	0
-0.0001396	0.	0	0
-0.0001394	-0.016	0	0
-0.0001392	0.	0	0
-0.000139	0.	0	0
-0.0001388	-0.008	0	0
-0.0001386	-0.008	0	0
-0.0001384	0.	0	0
-0.0001382	-0.008	0	0
-0.000138	-0.016	0	0
-0.0001378	0.	0	0
-0.0001376	-0.008	0	0
-0.0001374	0.	0	0
-0.0001372	-0.008	0	0
-0.000137	0.008	0	0
-0.0001368	0.	0	0
-0.0001366	-0.008	0	0
-0.0001364	0.	0	0
-0.0001362	0.	0	0
-0.000136	-0.008	0	0
-0.0001358	-0.008	0	0
-0.0001356	-0.008	0	0
-0.0001354	-0.008	0	0
-0.0001352	0.	0	0
-0.000135	0.	0	0
-0.0001348	0.	0	0
-0.0001346	-0.008	0	0
-0.0001344	-0.008	0	0
-0.0001342	0.	0	0
-0.000134	-0.008	0	0
-0.0001338	-0.016	0	0
-0.0001336	-0.008	0	0
-0.0001334	0.	0	0
-0.0001332	0.008	0	0
-0.000133	-0.008	0	0
-0.0001328	0.	0	0
-0.0001326	-0.016	0	0
-0.0001324	0.	0	0
-0.0001322	-0.008	0	0
-0.000132	0.	0	0
-0.0001318	-0.008	0	0
-0.0001316	-0.008	0	0
-0.0001314	-0.008	0	0
-0.0001312	-0.016	0	0
-0.000131	-0.016	0	0
-0.0001308	0.008	0	0
-0.0001306	0.	0	0
-0.0001304	-0.016	0	0
-0.0001302	0.	0	0
-0.00013	-0.024	0	0
-0.0001298	-0.016	0	0
-0.0001296	-0.008	0	0
-0.0001294	-0.016	0	0
-0.0001292	-0.008	0	0
-0.000129	-0.008	0	0
-0.0001288	-0.016	0	0
-0.0001286	-0.024	0	0
-0.0001284	-0.008	0	0
-0.0001282	-0.008	0	0
-0.000128	-0.016	0	0
-0.0001278	-0.008	0	0
-0.0001276	-0.016	0	0
-0.0001274	-0.024	0	0
-0.0001272	-0.016	0	0
-0.000127	-0.008	0	0
-0.0001268	-0.008	0	0
-0.0001266	-0.008	0	0
-0.0001264	-0.016	0	0
-0.0001262	-0.008	0	0
-0.000126	-0.016	0	0
-0.0001258	-0.008	0	0
-0.0001256	-0.008	0	0
-0.0001254	-0.008	0	0
-0.0001252	0.	0	0
-0.000125	-0.024	0	0
-0.0001248	-0.008	0	0
-0.0001246	-0.008	0	0
-0.0001244	0.	0	0
-0.0001242	-0.008	0	0
-0.000124	-0.008	0	0
-0.0001238	-0.008	0	0
-0.0001236	-0.016	0	0
-0.0001234	-0.024	0	0
-0.0001232	-0.016	0	0
-0.000123	-0.016	0	0
-0.0001228	-0.008	0	0
-0.0001226	-0.008	0	0
-0.0001224	-0.008	0	0
-0.0001222	-0.008	0	0
-0.000122	-0.008	0	0
-0.0001218	-0.016	0	0
-0.0001216	-0.008	0	0
-0.0001214	-0.008	0	0
-0.0001212	-0.016	0	0
-0.000121	-0.008	0	0
-0.0001208	0.	0	0
-0.0001206	-0.024	0	0
-0.0001204	-0.008	0	0
-0.0001202	-0.008	0	0
-0.00012	-0.008	0	0
-0.0001198	0.	0	0
-0.0001196	-0.008	0	0
-0.0001194	-0.008	0	0
-0.0001192	-0.008	0	0
-0.000119	-0.008	0	0
-0.0001188	-0.008	0	0
-0.0001186	0.	0	0
-0.0001184	-0.008	0	0
-0.0001182	-0.024	0	0
-0.000118	-0.008	0	0
-0.0001178	-0.008	0	0
-0.0001176	0.	0	0
-0.0001174	-0.016	0	0
-0.0001172	-0.008	0	0
-0.000117	-0.008	0	0
-0.0001168	0.	0	0
-0.0001166	-0.008	0	0
-0.0001164	-0.008	0	0
-0.0001162	-0.008	0	0
-0.000116	-0.016	0	0
-0.0001158	-0.008	0	0
-0.0001156	-0.016	0	0
-0.0001154	-0.008	0	0
-0.0001152	0.008	0	0
-0.000115	-0.008	0	0
-0.0001148	0.	0	0
-0.0001146	-0.016	0	0
-0.0001144	-0.008	0	0
-0.0001142	-0.008	0	0
-0.000114	-0.008	0	0
-0.0001138	-0.024	0	0
-0.0001136	0.	0	0
-0.0001134	-0.008	0	0
-0.0001132	-0.008	0	0
-0.000113	-0.008	0	0
-0.0001128	-0.016	0	0
-0.0001126	-0.008	0	0
-0.0001124	-0.008	0	0
-0.0001122	-0.016	0	0
-0.000112	-0.008	0	0
-0.0001118	-0.008	0	0
-0.0001116	-0.008	0	0
-0.0001114	-0.016	0	0
-0.0001112	-0.008	0	0
-0.000111	0.	0	0
-0.0001108	-0.008	0	0
-0.0001106	-0.008	0	0
-0.0001104	-0.008	0	0
-0.0001102	-0.024	0	0
-0.00011	0.	0	0
-0.0001098	-0.016	0	0
-0.0001096	0.	0	0
-0.0001094	0.	0	0
-0.0001092	-0.008	0	0
-0.000109	-0.016	0	0
-0.0001088	-0.016	0	0
-0.0001086	0.	0	0
-0.0001084	-0.016	0	0
-0.0001082	0.	0	0
-0.000108	-0.016	0	0
-0.0001078	-0.024	0	0
-0.0001076	-0.008	0	0
-0.0001074	-0.024	0	0
-0.0001072	0.	0	0
-0.000107	-0.008	0	0
-0.0001068	-0.008	0	0
-0.0001066	-0.016	0	0
-0.0001064	-0.008	0	0
-0.0001062	-0.016	0	0
-0.000106	0.008	0	0
-0.0001058	-0.016	0	0
-0.0001056	-0.016	0	0
-0.0001054	-0.008	0	0
-0.0001052	-0.016	0	0
-0.000105	0.	0	0
-0.0001048	0.	0	0
-0.0001046	0.008	0	0
-0.0001044	-0.016	0	0
-0.0001042	-0.008	0	0
-0.000104	-0.008	0	0
-0.0001038	-0.008	0	0
-0.0001036	-0.016	0	0
-0.0001034	-0.008	0	0
-0.0001032	0.	0	0
-0.000103	-0.008	0	0
-0.0001028	-0.008	0	0
-0.0001026	-0.016	0	0
-0.0001024	-0.024	0	0
-0.0001022	-0.008	0	0
-0.000102	-0.016	0	0
-0.0001018	-0.016	0	0
-0.0001016	-0.008	0	0
-0.0001014	0.	0	0
-0.0001012	0.	0	0
-0.000101	-0.016	0	0
-0.0001008	-0.016	0	0
-0.0001006	-0.008	0	0
-0.0001004	-0.016	0	0
-0.0001002	-0.016	0	0
-0.00009999999	0.	0	0
-0.000099799996	-0.016	0	0
-0.000099599994	-0.016	0	0
-0.000099399993	0.	0	0
-0.000099199991	-0.008	0	0
-0.000098999997	-0.016	0	0
-0.000098799996	-0.008	0	0
-0.000098599994	-0.008	0	0
-0.000098399993	-0.008	0	0
-0.000098199991	-0.016	0	0
-0.000097999997	-0.016	0	0
-0.000097799995	0.	0	0
-0.000097599994	-0.016	0	0
-0.000097399992	-0.016	0	0
-0.000097199991	0.	0	0
-0.000096999996	-0.008	0	0
-0.000096799995	-0.008	0	0
-0.000096599993	0.	0	0
-0.000096399992	-0.008	0	0
-0.00009619999	-0.008	0	0
-0.000095999996	0.	0	0
-0.000095799995	-0.024	0	0
-0.000095599993	0.	0	0
-0.000095399992	0.	0	0
-0.00009519999	0.	0	0
-0.000094999996	-0.008	0	0
-0.000094799994	0.	0	0
-0.000094599993	-0.016	0	0
-0.000094399991	-0.008	0	0
-0.000094199997	-0.016	0	0
-0.000093999995	-0.008	0	0
-0.000093799994	-0.016	0	0
-0.000093599992	-0.008	0	0
-0.000093399991	-0.008	0	0
-0.000093199997	-0.008	0	0
-0.000092999995	-0.032	0	0
-0.000092799994	-0.016	0	0
-0.000092599992	-0.008	0	0
-0.000092399991	0.008	0	0
-0.000092199996	-0.008	0	0
-0.000091999995	-0.008	0	0
-0.000091799993	0.	0	0
-0.000091599992	-0.008	0	0
-0.00009139999	0.	0	0
-0.000091199996	-0.008	0	0
-0.000090999994	-0.008	0	0
-0.000090799993	-0.016	0	0
-0.000090599991	-0.016	0	0
-0.00009039999	-0.024	0	0
-0.000090199996	-0.008	0	0
-0.000089999994	0.	0	0
-0.000089799993	-0.008	0	0
-0.000089599991	0.008	0	0
-0.000089399997	0.	0	0
-0.000089199995	-0.008	0	0
-0.000088999994	0.	0	0
-0.000088799992	0.	0	0
-0.000088599991	-0.008	0	0
-0.000088399996	-0.008	0	0
-0.000088199995	0.	0	0
-0.000087999993	-0.016	0	0
-0.000087799992	-0.016	0	0
-0.00008759999	-0.008	0	0
-0.000087399996	0.	0	0
-0.000087199995	0.	0	0
-0.000086999993	-0.008	0	0
-0.000086799992	-0.008	0	0
-0.00008659999	-0.008	0	0
-0.000086399996	0.	0	0
-0.000086199994	-0.008	0	0
-0.000085999993	-0.008	0	0
-0.000085799991	0.	0	0
-0.000085599997	0.	0	0
-0.000085399995	-0.008	0	0
-0.000085199994	-0.016	0	0
-0.000084999992	-0.008	0	0
-0.000084799991	0.	0	0
-0.000084599997	-0.008	0	0
-0.000084399995	0.	0	0
-0.000084199994	-0.008	0	0
-0.000083999992	-0.016	0	0
-0.000083799991	-0.016	0	0
-0.000083599996	-0.008	0	0
-0.000083399995	-0.008	0	0
-0.000083199993	0.008	0	0
-0.000082999992	-0.008	0	0
-0.00008279999	0.	0	0
-0.000082599996	-0.008	0	0
-0.000082399994	0.	0	0
-0.000082199993	-0.008	0	0
-0.000081999991	-0.016	0	0
-0.00008179999	-0.008	0	0
-0.000081599996	0.	0	0
-0.000081399994	-0.016	0	0
-0.000081199993	0.	0	0
-0.000080999991	0.	0	0
-0.000080799997	-0.016	0	0
-0.000080599995	-0.008	0	0
-0.000080399994	-0.008	0	0
-0.000080199992	-0.008	0	0
-0.000079999991	0.	0	0
-0.000079799996	-0.016	0	0
-0.000079599995	-0.008	0	0
-0.000079399993	0.	0	0
-0.000079199992	-0.008	0	0
-0.00007899999	0.	0	0
-0.000078799996	-0.008	0	0
-0.000078599995	-0.016	0	0
-0.000078399993	-0.008	0	0
-0.000078199992	0.008	0	0
-0.00007799999	0.	0	0
-0.000077799996	-0.008	0	0
-0.000077599994	0.	0	0
-0.000077399993	0.	0	0
-0.000077199991	-0.008	0	0
-0.000076999997	0.	0	0
-0.000076799995	0.	0	0
-0.000076599994	-0.008	0	0
-0.000076399992	0.008	0	0
-0.000076199991	-0.008	0	0
-0.000075999997	-0.016	0	0
-0.000075799995	-0.008	0	0
-0.000075599994	-0.008	0	0
-0.000075399992	-0.008	0	0
-0.000075199991	-0.008	0	0
-0.000074999996	-0.008	0	0
-0.000074799995	-0.008	0	0
-0.000074599993	-0.008	0	0
-0.000074399992	-0.008	0	0
-0.00007419999	-0.016	0	0
-0.000073999996	-0.008	0	0
-0.000073799994	-0.008	0	0
-0.000073599993	0.	0	0
-0.000073399991	-0.008	0	0
-0.00007319999	-0.008	0	0
-0.000072999996	-0.008	0	0
-0.000072799994	-0.016	0	0
-0.000072599993	0.	0	0
-0.000072399991	0.	0	0
-0.000072199997	-0.008	0	0
-0.000071999995	-0.008	0	0
-0.000071799994	-0.008	0	0
-0.000071599992	0.	0	0
-0.000071399991	-0.008	0	0
-0.000071199996	0.	0	0
-0.000070999995	-0.016	0	0
-0.000070799993	-0.008	0	0
-0.000070599992	-0.016	0	0
-0.00007039999	-0.008	0	0
-0.000070199996	-0.008	0	0
-0.000069999995	-0.008	0	0
-0.000069799993	0.	0	0
-0.000069599992	0.	0	0
-0.00006939999	-0.016	0	0
-0.000069199996	-0.008	0	0
-0.000068999994	-0.008	0	0
-0.000068799993	-0.008	0	0
-0.000068599991	-0.016	0	0
-0.00006839999	-0.008	0	0
-0.000068199995	-0.016	0	0
-0.000067999994	-0.016	0	0
-0.000067799992	-0.008	0	0
-0.000067599991	-0.008	0	0
-0.000067399997	-0.008	0	0
-0.000067199995	0.	0	0
-0.000066999994	-0.008	0	0
-0.000066799992	-0.008	0	0
-0.000066599991	0.	0	0
-0.000066399996	0.	0	0
-0.000066199995	0.	0	0
-0.000065999993	-0.008	0	0
-0.000065799992	-0.008	0	0
-0.00006559999	-0.008	0	0
-0.000065399996	-0.008	0	0
-0.000065199994	0.	0	0
-0.000064999993	0.	0	0
-0.000064799991	0.	0	0
-0.00006459999	-0.024	0	0
-0.000064399996	-0.008	0	0
-0.000064199994	-0.016	0	0
-0.000063999993	-0.008	0	0
-0.000063799991	-0.008	0	0
-0.000063599997	-0.016	0	0
-0.000063399995	0.	0	0
-0.000063199994	0.	0	0
-0.000062999992	-0.016	0	0
-0.000062799991	0.	0	0
-0.000062599996	-0.008	0	0
-0.000062399995	0.	0	0
-0.000062199993	0.	0	0
-0.000061999992	-0.008	0	0
-0.00006179999	0.	0	0
-0.000061599996	0.	0	0
-0.000061399995	0.	0	0
-0.000061199993	-0.016	0	0
-0.000060999992	-0.016	0	0
-0.000060799994	-0.008	0	0
-0.000060599992	-0.008	0	0
-0.000060399994	0.	0	0
-0.000060199993	-0.016	0	0
-0.000059999995	-0.016	0	0
-0.000059799993	-0.008	0	0
-0.000059599992	-0.008	0	0
-0.000059399994	-0.016	0	0
-0.000059199992	0.	0	0
-0.000058999995	-0.008	0	0
-0.000058799993	0.	0	0
-0.000058599991	0.	0	0
-0.000058399994	0.008	0	0
-0.000058199992	0.008	0	0
-0.000057999994	0.	0	0
-0.000057799993	-0.016	0	0
-0.000057599995	0.	0	0
-0.000057399993	0.	0	0
-0.000057199992	-0.008	0	0
-0.000056999994	-0.008	0	0
-0.000056799992	-0.008	0	0
-0.000056599994	0.	0	0
-0.000056399993	-0.016	0	0
-0.000056199991	-0.008	0	0
-0.000055999993	-0.008	0	0
-0.000055799992	0.	0	0
-0.000055599994	-0.008	0	0
-0.000055399993	-0.008	0	0
-0.000055199995	-0.016	0	0
-0.000054999993	0.	0	0
-0.000054799992	-0.008	0	0
-0.000054599994	-0.008	0	0
-0.00005439999	-0.016	0	0
-0.00005419999	-0.008	0	0
-0.00005399999	-0.008	0	0
-0.00005379999	-0.008	0	0
-0.00005359999	-0.016	0	0
-0.00005339999	-0.008	0	0
-0.00005319999	-0.008	0	0
-0.00005299999	-0.008	0	0
-0.00005279999	0.	0	0
-0.00005259999	-0.008	0	0
-0.00005239999	-0.016	0	0
-0.00005219999	-0.008	0	0
-0.00005199999	-0.016	0	0
-0.00005179999	0.	0	0
-0.00005159999	-0.008	0	0
-0.00005139999	-0.008	0	0
-0.00005119999	-0.008	0	0
-0.00005099999	-0.008	0	0
-0.00005079999	-0.016	0	0
-0.00005059999	-0.016	0	0
-0.00005039999	0.	0	0
-0.00005019999	0.	0	0
-0.00004999999	0.	0	0
-0.00004979999	-0.016	0	0
-0.00004959999	-0.016	0	0
-0.00004939999	-0.008	0	0
-0.00004919999	0.008	0	0
-0.00004899999	-0.008	0	0
-0.00004879999	-0.008	0	0
-0.00004859999	-0.008	0	0
-0.00004839999	-0.016	0	0
-0.00004819999	-0.024	0	0
-0.00004799999	-0.008	0	0
-0.00004779999	-0.008	0	0
-0.00004759999	-0.008	0	0
-0.00004739999	0.	0	0
-0.00004719999	-0.016	0	0
-0.00004699999	-0.008	0	0
-0.00004679999	-0.008	0	0
-0.00004659999	-0.008	0	0
-0.00004639999	-0.016	0	0
-0.00004619999	-0.008	0	0
-0.00004599999	-0.008	0	0
-0.00004579999	-0.024	0	0
-0.00004559999	-0.016	0	0
-0.00004539999	0.	0	0
-0.00004519999	-0.008	0	0
-0.00004499999	0.	0	0
-0.00004479999	-0.016	0	0
-0.00004459999	-0.008	0	0
-0.00004439999	-0.016	0	0
-0.00004419999	-0.016	0	0
-0.00004399999	-0.016	0	0
-0.00004379999	-0.016	0	0
-0.00004359999	-0.008	0	0
-0.00004339999	-0.016	0	0
-0.00004319999	-0.008	0	0
-0.00004299999	-0.016	0	0
-0.00004279999	-0.008	0	0
-0.00004259999	0.	0	0
-0.00004239999	-0.008	0	0
-0.00004219999	-0.016	0	0
-0.00004199999	-0.008	0	0
-0.00004179999	-0.008	0	0
-0.00004159999	0.	0	0
-0.00004139999	-0.016	0	0
-0.00004119999	-0.008	0	0
-0.00004099999	-0.008	0	0
-0.00004079999	-0.016	0	0
-0.00004059999	0.	0	0
-0.00004039999	-0.008	0	0
-0.00004019999	-0.016	0	0
-0.00003999999	-0.016	0	0
-0.00003979999	-0.016	0	0
-0.00003959999	-0.008	0	0
-0.00003939999	0.	0	0
-0.00003919999	-0.008	0	0
-0.00003899999	-0.008	0	0
-0.00003879999	0.	0	0
-0.00003859999	0.	0	0
-0.00003839999	-0.008	0	0
-0.00003819999	-0.016	0	0
-0.00003799999	-0.016	0	0
-0.00003779999	-0.008	0	0
-0.00003759999	-0.008	0	0
-0.00003739999	-0.008	0	0
-0.00003719999	-0.008	0	0
-0.00003699999	0.	0	0
-0.00003679999	-0.008	0	0
-0.00003659999	-0.008	0	0
-0.00003639999	-0.008	0	0
-0.00003619999	0.	0	0
-0.00003599999	0.	0	0
-0.00003579999	-0.008	0	0
-0.00003559999	-0.016	0	0
-0.00003539999	-0.016	0	0
-0.00003519999	0.008	0	0
-0.00003499999	-0.008	0	0
-0.00003479999	-0.016	0	0
-0.00003459999	-0.016	0	0
-0.00003439999	-0.008	0	0
-0.00003419999	-0.008	0	0
-0.00003399999	0.	0	0
-0.00003379999	-0.008	0	0
-0.00003359999	-0.008	0	0
-0.00003339999	-0.008	0	0
-0.00003319999	-0.016	0	0
-0.00003299999	-0.008	0	0
-0.00003279999	-0.008	0	0
-0.00003259999	-0.008	0	0
-0.00003239999	-0.008	0	0
-0.00003219999	-0.016	0	0
-0.00003199999	-0.024	0	0
-0.00003179999	-0.008	0	0
-0.00003159999	-0.008	0	0
-0.00003139999	-0.008	0	0
-0.00003119999	-0.008	0	0
-0.00003099999	-0.024	0	0
-0.00003079999	-0.024	0	0
-0.00003059999	0.	0	0
-0.00003039999	-0.008	0	0
-0.00003019999	-0.008	0	0
-0.00002999999	-0.016	0	0
-0.00002979999	-0.008	0	0
-0.00002959999	-0.016	0	0
-0.00002939999	-0.008	0	0
-0.00002919999	-0.008	0	0
-0.00002899999	-0.024	0	0
-0.00002879999	-0.016	0	0
-0.00002859999	-0.016	0	0
-0.00002839999	-0.016	0	0
-0.00002819999	-0.008	0	0
-0.00002799999	0.	0	0
-0.00002779999	-0.008	0	0
-0.00002759999	-0.008	0	0
-0.00002739999	-0.016	0	0
-0.00002719999	-0.008	0	0
-0.00002699999	0.	0	0
-0.00002679999	-0.016	0	0
-0.00002659999	-0.016	0	0
-0.00002639999	-0.008	0	0
-0.00002619999	-0.008	0	0
-0.00002599999	-0.032	0	0
-0.00002579999	0.	0	0
-0.00002559999	-0.008	0	0
-0.00002539999	0.	0	0
-0.00002519999	-0.008	0	0
-0.00002499999	-0.008	0	0
-0.00002479999	-0.008	0	0
-0.00002459999	0.	0	0
-0.00002439999	-0.016	0	0
-0.00002419999	-0.008	0	0
-0.00002399999	-0.008	0	0
-0.00002379999	-0.016	0	0
-0.00002359999	-0.016	0	0
-0.00002339999	-0.008	0	0
-0.00002319999	-0.008	0	0
-0.00002299999	0.	0	0
-0.00002279999	-0.008	0	0
-0.00002259999	0.	0	0
-0.00002239999	-0.016	0	0
-0.00002219999	0.	0	0
-0.00002199999	-0.008	0	0
-0.00002179999	0.	0	0
-0.00002159999	-0.008	0	0
-0.00002139999	-0.008	0	0
-0.00002119999	-0.008	0	0
-0.00002099999	-0.008	0	0
-0.00002079999	0.	0	0
-0.00002059999	-0.008	0	0
-0.00002039999	0.	0	0
-0.00002019999	-0.008	0	0
-0.00002	-0.008	0	0
-0.0000198	-0.016	0	0
-0.0000196	0.	0	0
-0.0000194	0.	0	0
-0.0000192	-0.016	0	0
-0.000019	-0.008	0	0
-0.0000188	-0.008	0	0
-0.0000186	0.	0	0
-0.0000184	-0.008	0	0
-0.0000182	-0.008	0	0
-0.000018	0.	0	0
-0.0000178	0.	0	0
-0.0000176	-0.008	0	0
-0.0000174	-0.016	0	0
-0.0000172	-0.016	0	0
-0.000017	-0.008	0	0
-0.0000168	-0.008	0	0
-0.0000166	-0.032	0	0
-0.0000164	-0.016	0	0
-0.0000162	0.	0	0
-0.000016	0.	0	0
-0.0000158	-0.008	0	0
-0.0000156	0.	0	0
-0.0000154	0.	0	0
-0.0000152	-0.008	0	0
-0.000015	0.	0	0
-0.0000148	0.	0	0
-0.0000146	-0.008	0	0
-0.0000144	-0.016	0	0
-0.0000142	-0.008	0	0
-0.000014	0.	0	0
-0.0000138	-0.016	0	0
-0.0000136	-0.016	0	0
-0.0000134	-0.008	0	0
-0.0000132	0.008	0	0
-0.000013	0.008	0	0
-0.0000128	-0.008	0	0
-0.0000126	0.008	0	0
-0.0000124	0.	0	0
-0.0000122	0.	0	0
-0.000012	-0.008	0	0
-0.0000118	0.008	0	0
-0.0000116	0.	0	0
-0.0000114	-0.008	0	0
-0.0000112	0.	0	0
-0.000011	0.	0	0
-0.0000108	-0.008	0	0
-0.0000106	0.	0	0
-0.0000104	0.008	0	0
-0.0000102	-0.008	0	0
-9.999992e-6	-0.016	0	0
-9.799993e-6	0.	0	0
-9.599992e-6	0.008	0	0
-9.399992e-6	-0.008	0	0
-9.199993e-6	-0.008	0	0
-8.999992e-6	0.	0	0
-8.799992e-6	-0.008	0	0
-8.599993e-6	-0.008	0	0
-8.399992e-6	0.	0	0
-8.199992e-6	0.	0	0
-7.999993e-6	-0.016	0	0
-7.799992e-6	-0.008	0	0
-7.599992e-6	0.008	0	0
-7.399993e-6	-0.008	0	0
-7.19999e-6	0.008	0	0
-6.99999e-6	0.	0	0
-6.79999e-6	0.	0	0
-6.59999e-6	-0.008	0	0
-6.39999e-6	-0.008	0	0
-6.19999e-6	-0.008	0	0
-5.99999e-6	-0.008	0	0
-5.79999e-6	0.	0	0
-5.59999e-6	0.	0	0
-5.39999e-6	0.	0	0
-5.19999e-6	0.	0	0
-4.99999e-6	-0.016	0	0
-4.79999e-6	-0.008	0	0
-4.59999e-6	0.	0	0
-4.39999e-6	-0.008	0	0
-4.19999e-6	-0.008	0	0
-3.99999e-6	-0.008	0	0
-3.79999e-6	0.	0	0
-3.59999e-6	-0.008	0	0
-3.39999e-6	-0.008	0	0
-3.19999e-6	-0.008	0	0
-2.99999e-6	0.	0	0
-2.79999e-6	-0.008	0	0
-2.6e-6	-0.008	0	0
-2.4e-6	-0.008	0	0
-2.2e-6	0.	0	0
-2.e-6	0.008	0	0
-1.8e-6	0.	0	0
-1.6e-6	0.	0	0
-1.4e-6	-0.008	0	0
-1.2e-6	0.	0	0
-1.e-6	0.	0	0
-7.99992449e-7	-0.008	0	0
-5.99992461e-7	-0.008	0	0
-3.9999244e-7	0.	0	0
-1.9999244e-7	0.	0	0
7.560175e-12	0.	0	0
2.0000756e-7	0.	0	0
4.0000756e-7	0.008	0	0
6.00007581e-7	0.032	0	0
8.0000757e-7	0.072000004	0	0
1.e-6	0.096000001	0	0
1.2e-6	0.136	0	0
1.4e-6	0.16000001	0	0
1.6e-6	0.192	0	0
1.8e-6	0.22400001	0	0
2.e-6	0.264	0	0
2.2e-6	0.296	0	0
2.4e-6	0.31200001	0	0
2.6e-6	0.33600003	0	0
2.80001e-6	0.384	0	0
3.00001e-6	0.408000022	0	0
3.20001e-6	0.432000011	0	0
3.40001e-6	0.45600003	0	0
3.60001e-6	0.472000033	0	0
3.80001e-6	0.488000035	0	0
4.00001e-6	0.520000041	0	0
4.20001e-6	0.527999997	0	0
4.40001e-6	0.536000013	0	0
4.60001e-6	0.536000013	0	0
4.80001e-6	0.560000002	0	0
5.00001e-6	0.568000019	0	0
5.20001e-6	0.584000051	0	0
5.40001e-6	0.600000024	0	0
5.60001e-6	0.60800004	0	0
5.80001e-6	0.632000029	0	0
6.00001e-6	0.624000013	0	0
6.20001e-6	0.640000045	0	0
6.40001e-6	0.640000045	0	0
6.60001e-6	0.664000034	0	0
6.80001e-6	0.672000051	0	0
7.00001e-6	0.672000051	0	0
7.20001e-6	0.688000023	0	0
7.400008e-6	0.688000023	0	0
7.600008e-6	0.69600004	0	0
7.800008e-6	0.712000012	0	0
8.000007e-6	0.712000012	0	0
8.200008e-6	0.728000045	0	0
8.400008e-6	0.728000045	0	0
8.600007e-6	0.728000045	0	0
8.800008e-6	0.744000018	0	0
9.000008e-6	0.744000018	0	0
9.200007e-6	0.76000005	0	0
9.400008e-6	0.76000005	0	0
9.600008e-6	0.768000007	0	0
9.800007e-6	0.776000023	0	0
0.00001	0.776000023	0	0
0.0000102	0.784000039	0	0
0.0000104	0.792000055	0	0
0.0000106	0.800000012	0	0
0.0000108	0.792000055	0	0
0.000011	0.816000044	0	0
0.0000112	0.816000044	0	0
0.0000114	0.824000061	0	0
0.0000116	0.832000017	0	0
0.0000118	0.824000061	0	0
0.000012	0.832000017	0	0
0.0000122	0.840000033	0	0
0.0000124	0.832000017	0	0
0.0000126	0.84800005	0	0
0.0000128	0.864000022	0	0
0.000013	0.856000066	0	0
0.0000132	0.856000066	0	0
0.0000134	0.856000066	0	0
0.0000136	0.880000055	0	0
0.0000138	0.864000022	0	0
0.000014	0.872000039	0	0
0.0000142	0.872000039	0	0
0.0000144	0.880000055	0	0
0.0000146	0.888000071	0	0
0.0000148	0.888000071	0	0
0.000015	0.880000055	0	0
0.0000152	0.888000071	0	0
0.0000154	0.888000071	0	0
0.0000156	0.904000044	0	0
0.0000158	0.904000044	0	0
0.000016	0.896000028	0	0
0.0000162	0.896000028	0	0
0.0000164	0.904000044	0	0
0.0000166	0.920000017	0	0
0.0000168	0.91200006	0	0
0.000017	0.920000017	0	0
0.0000172	0.920000017	0	0
0.0000174	0.928000033	0	0
0.0000176	0.936000049	0	0
0.0000178	0.944000065	0	0
0.000018	0.936000049	0	0
0.0000182	0.944000065	0	0
0.0000184	0.944000065	0	0
0.0000186	0.936000049	0	0
0.0000188	0.944000065	0	0
0.000019	0.944000065	0	0
0.0000192	0.960000038	0	0
0.0000194	0.952000022	0	0
0.0000196	0.960000038	0	0
0.0000198	0.968000054	0	0
0.00002	0.960000038	0	0
0.00002020001	0.960000038	0	0
0.00002040001	0.960000038	0	0
0.00002060001	0.968000054	0	0
0.00002080001	0.984000027	0	0
0.00002100001	0.976000071	0	0
0.00002120001	0.976000071	0	0
0.00002140001	0.984000027	0	0
0.00002160001	0.984000027	0	0
0.00002180001	0.984000027	0	0
0.00002200001	0.992000043	0	0
0.00002220001	1.	0	0
0.00002240001	1.	0	0
0.00002260001	1.008	0	0
0.00002280001	1.008	0	0
0.00002300001	1.	0	0
0.00002320001	1.016	0	0
0.00002340001	0.992000043	0	0
0.00002360001	1.016	0	0
0.00002380001	1.008	0	0
0.00002400001	1.024	0	0
0.00002420001	1.008	0	0
0.00002440001	1.016	0	0
0.00002460001	1.016	0	0
0.00002480001	1.016	0	0
0.00002500001	1.016	0	0
0.00002520001	1.008	0	0
0.00002540001	1.024	0	0
0.00002560001	1.032	0	0
0.00002580001	1.032	0	0
0.00002600001	1.032	0	0
0.00002620001	1.04	0	0
0.00002640001	1.04	0	0
0.00002660001	1.04	0	0
0.00002680001	1.04	0	0
0.00002700001	1.032	0	0
0.00002720001	1.048	0	0
0.00002740001	1.048	0	0
0.00002760001	1.048	0	0
0.00002780001	1.048	0	0
0.00002800001	1.056	0	0
0.00002820001	1.04	0	0
0.00002840001	1.056	0	0
0.00002860001	1.048	0	0
0.00002880001	1.056	0	0
0.00002900001	1.056	0	0
0.00002920001	1.064	0	0
0.00002940001	1.056	0	0
0.00002960001	1.064	0	0
0.00002980001	1.056	0	0
0.00003000001	1.072	0	0
0.00003020001	1.064	0	0
0.00003040001	1.072	0	0
0.00003060001	1.072	0	0
0.00003080001	1.08	0	0
0.00003100001	1.088	0	0
0.00003120001	1.088	0	0
0.00003140001	1.072	0	0
0.00003160001	1.08	0	0
0.00003180001	1.08	0	0
0.00003200001	1.096	0	0
0.00003220001	1.088	0	0
0.00003240001	1.096	0	0
0.00003260001	1.088	0	0
0.00003280001	1.096	0	0
0.00003300001	1.088	0	0
0.00003320001	1.096	0	0
0.00003340001	1.104	0	0
0.00003360001	1.096	0	0
0.00003380001	1.088	0	0
0.00003400001	1.096	0	0
0.00003420001	1.096	0	0
0.00003440001	1.104	0	0
0.00003460001	1.112	0	0
0.00003480001	1.104	0	0
0.00003500001	1.112	0	0
0.00003520001	1.112	0	0
0.00003540001	1.112	0	0
0.00003560001	1.112	0	0
0.00003580001	1.112	0	0
0.00003600001	1.112	0	0
0.00003620001	1.128	0	0
0.00003640001	1.12	0	0
0.00003660001	1.128	0	0
0.00003680001	1.12	0	0
0.00003700001	1.112	0	0
0.00003720001	1.128	0	0
0.00003740001	1.12	0	0
0.00003760001	1.12	0	0
0.00003780001	1.128	0	0
0.00003800001	1.128	0	0
0.00003820001	1.128	0	0
0.00003840001	1.128	0	0
0.00003860001	1.136	0	0
0.00003880001	1.128	0	0
0.00003900001	1.136	0	0
0.00003920001	1.136	0	0
0.00003940001	1.144	0	0
0.00003960001	1.152	0	0
0.00003980001	1.144	0	0
0.00004000001	1.144	0	0
0.00004020001	1.136	0	0
0.00004040001	1.152	0	0
0.00004060001	1.152	0	0
0.00004080001	1.136	0	0
0.00004100001	1.152	0	0
0.00004120001	1.152	0	0
0.00004140001	1.152	0	0
0.00004160001	1.152	0	0
0.00004180001	1.144	0	0
0.00004200001	1.16	0	0
0.00004220001	1.16	0	0
0.00004240001	1.152	0	0
0.00004260001	1.168	0	0
0.00004280001	1.168	0	0
0.00004300001	1.176	0	0
0.00004320001	1.16	0	0
0.00004340001	1.152	0	0
0.00004360001	1.16	0	0
0.00004380001	1.176	0	0
0.00004400001	1.168	0	0
0.00004420001	1.168	0	0
0.00004440001	1.176	0	0
0.00004460001	1.168	0	0
0.00004480001	1.16	0	0
0.00004500001	1.16	0	0
0.00004520001	1.168	0	0
0.00004540001	1.176	0	0
0.00004560001	1.176	0	0
0.00004580001	1.176	0	0
0.00004600001	1.176	0	0
0.00004620001	1.184	0	0
0.00004640001	1.168	0	0
0.00004660001	1.176	0	0
0.00004680001	1.184	0	0
0.00004700001	1.192	0	0
0.00004720001	1.184	0	0
0.00004740001	1.184	0	0
0.00004760001	1.192	0	0
0.00004780001	1.184	0	0
0.00004800001	1.184	0	0
0.00004820001	1.184	0	0
0.00004840001	1.176	0	0
0.00004860001	1.192	0	0
0.00004880001	1.184	0	0
0.00004900001	1.192	0	0
0.00004920001	1.2	0	0
0.00004940001	1.192	0	0
0.00004960001	1.2	0	0
0.00004980001	1.192	0	0
0.00005000001	1.192	0	0
0.00005020001	1.2	0	0
0.00005040001	1.2	0	0
0.00005060001	1.208	0	0
0.00005080001	1.208	0	0
0.00005100001	1.2	0	0
0.00005120001	1.208	0	0
0.00005140001	1.192	0	0
0.00005160001	1.2	0	0
0.00005180001	1.2	0	0
0.00005200001	1.2	0	0
0.00005220001	1.208	0	0
0.00005240001	1.208	0	0
0.00005260001	1.192	0	0
0.00005280001	1.216	0	0
0.00005300001	1.216	0	0
0.00005320001	1.216	0	0
0.00005340001	1.208	0	0
0.00005360001	1.208	0	0
0.00005380001	1.216	0	0
0.00005400001	1.208	0	0
0.00005420001	1.224	0	0
0.00005440001	1.224	0	0
0.000054600008	1.216	0	0
0.00005480001	1.224	0	0
0.000055000008	1.224	0	0
0.000055200009	1.216	0	0
0.000055400007	1.224	0	0
0.000055600009	1.224	0	0
0.000055800007	1.216	0	0
0.000056000008	1.224	0	0
0.00005620001	1.224	0	0
0.000056400007	1.224	0	0
0.000056600009	1.232	0	0
0.000056800007	1.216	0	0
0.000057000008	1.224	0	0
0.00005720001	1.232	0	0
0.000057400008	1.224	0	0
0.000057600009	1.232	0	0
0.000057800007	1.232	0	0
0.000058000009	1.216	0	0
0.000058200007	1.216	0	0
0.000058400008	1.24	0	0
0.00005860001	1.24	0	0
0.000058800008	1.232	0	0
0.000059000009	1.224	0	0
0.000059200007	1.232	0	0
0.000059400008	1.248	0	0
0.00005960001	1.24	0	0
0.000059800008	1.232	0	0
0.000060000009	1.232	0	0
0.000060200007	1.248	0	0
0.000060400009	1.24	0	0
0.000060600007	1.24	0	0
0.000060800008	1.248	0	0
0.00006100001	1.24	0	0
0.000061200008	1.248	0	0
0.000061400009	1.248	0	0
0.000061600011	1.24	0	0
0.000061800005	1.248	0	0
0.000062000006	1.248	0	0
0.000062200008	1.256	0	0
0.000062400009	1.248	0	0
0.000062600011	1.248	0	0
0.000062800005	1.256	0	0
0.000063000007	1.248	0	0
0.000063200008	1.256	0	0
0.00006340001	1.256	0	0
0.000063600011	1.256	0	0
0.000063800006	1.256	0	0
0.000064000007	1.264	0	0
0.000064200009	1.256	0	0
0.00006440001	1.256	0	0
0.000064600012	1.256	0	0
0.000064800006	1.256	0	0
0.000065000007	1.256	0	0
0.000065200009	1.272	0	0
0.00006540001	1.256	0	0
0.000065600005	1.272	0	0
0.000065800006	1.264	0	0
0.000066000008	1.264	0	0
0.000066200009	1.264	0	0
0.000066400011	1.272	0	0
0.000066600005	1.272	0	0
0.000066800007	1.272	0	0
0.000067000008	1.272	0	0
0.00006720001	1.264	0	0
0.000067400011	1.272	0	0
0.000067600005	1.272	0	0
0.000067800007	1.264	0	0
0.000068000008	1.272	0	0
0.00006820001	1.264	0	0
0.000068400012	1.272	0	0
0.000068600006	1.272	0	0
0.000068800007	1.264	0	0
0.000069000009	1.272	0	0
0.00006920001	1.272	0	0
0.000069400012	1.272	0	0
0.000069600006	1.272	0	0
0.000069800008	1.272	0	0
0.000070000009	1.28	0	0
0.000070200011	1.272	0	0
0.000070400005	1.272	0	0
0.000070600006	1.28	0	0
0.000070800008	1.28	0	0
0.000071000009	1.28	0	0
0.000071200011	1.272	0	0
0.000071400005	1.28	0	0
0.000071600007	1.28	0	0
0.000071800008	1.272	0	0
0.00007200001	1.288	0	0
0.000072200011	1.288	0	0
0.000072400006	1.28	0	0
0.000072600007	1.28	0	0
0.000072800009	1.288	0	0
0.00007300001	1.296	0	0
0.000073200012	1.28	0	0
0.000073400006	1.288	0	0
0.000073600007	1.296	0	0
0.000073800009	1.28	0	0
0.00007400001	1.288	0	0
0.000074200012	1.288	0	0
0.000074400006	1.288	0	0
0.000074600008	1.288	0	0
0.000074800009	1.288	0	0
0.000075000011	1.288	0	0
0.000075200005	1.312	0	0
0.000075400007	1.296	0	0
0.000075600008	1.296	0	0
0.00007580001	1.296	0	0
0.000076000011	1.296	0	0
0.000076200005	1.288	0	0
0.000076400007	1.288	0	0
0.000076600008	1.304	0	0
0.00007680001	1.296	0	0
0.000077000012	1.296	0	0
0.000077200006	1.296	0	0
0.000077400007	1.304	0	0
0.000077600009	1.304	0	0
0.00007780001	1.296	0	0
0.000078000012	1.296	0	0
0.000078200006	1.304	0	0
0.000078400008	1.296	0	0
0.000078600009	1.312	0	0
0.000078800011	1.288	0	0
0.000079000005	1.304	0	0
0.000079200006	1.304	0	0
0.000079400008	1.296	0	0
0.000079600009	1.312	0	0
0.000079800011	1.304	0	0
0.000080000005	1.304	0	0
0.000080200007	1.304	0	0
0.000080400008	1.312	0	0
0.00008060001	1.304	0	0
0.000080800011	1.312	0	0
0.000081000006	1.32	0	0
0.000081200007	1.304	0	0
0.000081400009	1.32	0	0
0.00008160001	1.32	0	0
0.000081800012	1.32	0	0
0.000082000006	1.312	0	0
0.000082200007	1.304	0	0
0.000082400009	1.32	0	0
0.000082600011	1.304	0	0
0.000082800012	1.304	0	0
0.000083000006	1.304	0	0
0.000083200008	1.32	0	0
0.000083400009	1.312	0	0
0.000083600011	1.312	0	0
0.000083800005	1.32	0	0
0.000084000007	1.328	0	0
0.000084200008	1.312	0	0
0.00008440001	1.312	0	0
0.000084600011	1.328	0	0
0.000084800005	1.32	0	0
0.000085000007	1.32	0	0
0.000085200008	1.328	0	0
0.00008540001	1.328	0	0
0.000085600012	1.32	0	0
0.000085800006	1.328	0	0
0.000086000007	1.328	0	0
0.000086200009	1.32	0	0
0.00008640001	1.328	0	0
0.000086600012	1.328	0	0
0.000086800006	1.32	0	0
0.000087000008	1.328	0	0
0.000087200009	1.336	0	0
0.000087400011	1.336	0	0
0.000087600012	1.328	0	0
0.000087800006	1.336	0	0
0.000088000008	1.32	0	0
0.000088200009	1.32	0	0
0.000088400011	1.328	0	0
0.000088600005	1.328	0	0
0.000088800007	1.328	0	0
0.000089000008	1.336	0	0
0.00008920001	1.336	0	0
0.000089400011	1.336	0	0
0.000089600006	1.336	0	0
0.000089800007	1.336	0	0
0.000090000009	1.328	0	0
0.00009020001	1.344	0	0
0.000090400012	1.344	0	0
0.000090600006	1.336	0	0
0.000090800007	1.344	0	0
0.000091000009	1.336	0	0
0.000091200011	1.336	0	0
0.000091400012	1.336	0	0
0.000091600006	1.328	0	0
0.000091800008	1.328	0	0
0.000092000009	1.336	0	0
0.000092200011	1.344	0	0
0.000092400005	1.344	0	0
0.000092600007	1.344	0	0
0.000092800008	1.344	0	0
0.00009300001	1.344	0	0
0.000093200011	1.344	0	0
0.000093400005	1.344	0	0
0.000093600007	1.336	0	0
0.000093800008	1.344	0	0
0.00009400001	1.352	0	0
0.000094200012	1.336	0	0
0.000094400006	1.344	0	0
0.000094600007	1.344	0	0
0.000094800009	1.344	0	0
0.00009500001	1.352	0	0
0.000095200012	1.344	0	0
0.000095400006	1.344	0	0
0.000095600008	1.352	0	0
0.000095800009	1.344	0	0
0.000096000011	1.336	0	0
0.000096200012	1.344	0	0
0.000096400006	1.352	0	0
0.000096600008	1.344	0	0
0.000096800009	1.344	0	0
0.000097000011	1.352	0	0
0.000097200005	1.352	0	0
0.000097400007	1.344	0	0
0.000097600008	1.336	0	0
0.00009780001	1.352	0	0
0.000098000011	1.36	0	0
0.000098200006	1.36	0	0
0.000098400007	1.352	0	0
0.000098600009	1.352	0	0
0.00009880001	1.352	0	0
0.000099000012	1.36	0	0
0.000099200006	1.352	0	0
0.000099400007	1.352	0	0
0.000099600009	1.352	0	0
0.000099800011	1.36	0	0
0.0001	1.36	0	0
0.0001002	1.352	0	0
0.0001004	1.36	0	0
0.0001006	1.36	0	0
0.0001008	1.36	0	0
0.000101	1.352	0	0
0.0001012	1.36	0	0
0.0001014	1.352	0	0
0.0001016	1.36	0	0
0.0001018	1.344	0	0
0.000102	1.352	0	0
0.0001022	1.344	0	0
0.0001024	1.36	0	0
0.0001026	1.352	0	0
0.0001028	1.352	0	0
0.000103	1.344	0	0
0.0001032	1.352	0	0
0.0001034	1.352	0	0
0.0001036	1.368	0	0
0.0001038	1.36	0	0
0.000104	1.352	0	0
0.0001042	1.352	0	0
0.0001044	1.352	0	0
0.0001046	1.352	0	0
0.0001048	1.36	0	0
0.000105	1.36	0	0
0.0001052	1.36	0	0
0.0001054	1.36	0	0
0.0001056	1.376	0	0
0.0001058	1.36	0	0
0.000106	1.36	0	0
0.0001062	1.36	0	0
0.0001064	1.36	0	0
0.0001066	1.376	0	0
0.0001068	1.368	0	0
0.000107	1.368	0	0
0.0001072	1.368	0	0
0.0001074	1.36	0	0
0.0001076	1.368	0	0
0.0001078	1.36	0	0
0.000108	1.368	0	0
0.0001082	1.36	0	0
0.0001084	1.36	0	0
0.0001086	1.36	0	0
0.0001088	1.36	0	0
0.000109	1.368	0	0
0.0001092	1.368	0	0
0.0001094	1.376	0	0
0.0001096	1.368	0	0
0.0001098	1.36	0	0
0.00011	1.368	0	0
0.0001102	1.36	0	0
0.0001104	1.368	0	0
0.0001106	1.376	0	0
0.0001108	1.368	0	0
0.000111	1.36	0	0
0.0001112	1.368	0	0
0.0001114	1.368	0	0
0.0001116	1.368	0	0
0.0001118	1.368	0	0
0.000112	1.36	0	0
0.0001122	1.368	0	0
0.0001124	1.36	0	0
0.0001126	1.376	0	0
0.0001128	1.36	0	0
0.000113	1.376	0	0
0.0001132	1.36	0	0
0.0001134	1.376	0	0
0.0001136	1.368	0	0
0.0001138	1.376	0	0
0.000114	1.368	0	0
0.0001142	1.36	0	0
0.0001144	1.384	0	0
0.0001146	1.368	0	0
0.0001148	1.376	0	0
0.000115	1.376	0	0
0.0001152	1.368	0	0
0.0001154	1.384	0	0
0.0001156	1.376	0	0
0.0001158	1.368	0	0
0.000116	1.368	0	0
0.0001162	1.36	0	0
0.0001164	1.368	0	0
0.0001166	1.376	0	0
0.0001168	1.368	0	0
0.000117	1.376	0	0
0.0001172	1.376	0	0
0.0001174	1.368	0	0
0.0001176	1.368	0	0
0.0001178	1.384	0	0
0.000118	1.368	0	0
0.0001182	1.376	0	0
0.0001184	1.376	0	0
0.0001186	1.384	0	0
0.0001188	1.376	0	0
0.000119	1.376	0	0
0.0001192	1.376	0	0
0.0001194	1.376	0	0
0.0001196	1.376	0	0
0.0001198	1.368	0	0
0.00012	1.368	0	0
0.0001202	1.376	0	0
0.0001204	1.384	0	0
0.0001206	1.368	0	0
0.0001208	1.376	0	0
0.000121	1.376	0	0
0.0001212	1.368	0	0
0.0001214	1.384	0	0
0.0001216	1.376	0	0
0.0001218	1.376	0	0
0.000122	1.384	0	0
0.0001222	1.368	0	0
0.0001224	1.36	0	0
0.0001226	1.376	0	0
0.0001228	1.384	0	0
0.000123	1.384	0	0
0.0001232	1.376	0	0
0.0001234	1.384	0	0
0.0001236	1.368	0	0
0.0001238	1.392	0	0
0.000124	1.376	0	0
0.0001242	1.376	0	0
0.0001244	1.376	0	0
0.0001246	1.384	0	0
0.0001248	1.376	0	0
0.000125	1.376	0	0
0.0001252	1.384	0	0
0.0001254	1.384	0	0
0.0001256	1.368	0	0
0.0001258	1.384	0	0
0.000126	1.368	0	0
0.0001262	1.384	0	0
0.0001264	1.376	0	0
0.0001266	1.376	0	0
0.0001268	1.368	0	0
0.000127	1.392	0	0
0.0001272	1.376	0	0
0.0001274	1.376	0	0
0.0001276	1.376	0	0
0.0001278	1.376	0	0
0.000128	1.384	0	0
0.0001282	1.376	0	0
0.0001284	1.376	0	0
0.0001286	1.392	0	0
0.0001288	1.376	0	0
0.000129	1.376	0	0
0.0001292	1.376	0	0
0.0001294	1.376	0	0
0.0001296	1.376	0	0
0.0001298	1.376	0	0
0.00013	1.368	0	0
0.0001302	1.384	0	0
0.0001304	1.376	0	0
0.0001306	1.376	0	0
0.0001308	1.376	0	0
0.000131	1.368	0	0
0.0001312	1.376	0	0
0.0001314	1.376	0	0
0.0001316	1.376	0	0
0.0001318	1.384	0	0
0.000132	1.376	0	0
0.0001322	1.392	0	0
0.0001324	1.392	0	0
0.0001326	1.368	0	0
0.0001328	1.384	0	0
0.000133	1.392	0	0
0.0001332	1.384	0	0
0.0001334	1.392	0	0
0.0001336	1.376	0	0
0.0001338	1.368	0	0
0.000134	1.384	0	0
0.0001342	1.384	0	0
0.0001344	1.376	0	0
0.0001346	1.376	0	0
0.0001348	1.384	0	0
0.000135	1.392	0	0
0.0001352	1.384	0	0
0.0001354	1.376	0	0
0.0001356	1.384	0	0
0.0001358	1.384	0	0
0.000136	1.384	0	0
0.0001362	1.384	0	0
0.0001364	1.384	0	0
0.0001366	1.376	0	0
0.0001368	1.4	0	0
0.000137	1.384	0	0
0.0001372	1.376	0	0
0.0001374	1.376	0	0
0.0001376	1.384	0	0
0.0001378	1.392	0	0
0.000138	1.376	0	0
0.0001382	1.384	0	0
0.0001384	1.384	0	0
0.0001386	1.384	0	0
0.0001388	1.376	0	0
0.000139	1.384	0	0
0.0001392	1.376	0	0
0.0001394	1.384	0	0
0.0001396	1.376	0	0
0.0001398	1.384	0	0
0.00014	1.392	0	0
0.0001402	1.384	0	0
0.0001404	1.384	0	0
0.0001406	1.368	0	0
0.0001408	1.384	0	0
0.000141	1.384	0	0
0.0001412	1.384	0	0
0.0001414	1.376	0	0
0.0001416	1.376	0	0
0.0001418	1.392	0	0
0.000142	1.376	0	0
0.0001422	1.376	0	0
0.0001424	1.376	0	0
0.0001426	1.376	0	0
0.0001428	1.384	0	0
0.000143	1.376	0	0
0.0001432	1.392	0	0
0.0001434	1.384	0	0
0.0001436	1.392	0	0
0.0001438	1.392	0	0
0.000144	1.376	0	0
0.0001442	1.376	0	0
0.0001444	1.368	0	0
0.0001446	1.384	0	0
0.0001448	1.384	0	0
0.000145	1.384	0	0
0.0001452	1.376	0	0
0.0001454	1.368	0	0
0.0001456	1.384	0	0
0.0001458	1.368	0	0
0.000146	1.384	0	0
0.0001462	1.384	0	0
0.0001464	1.376	0	0
0.0001466	1.368	0	0
0.0001468	1.384	0	0
0.000147	1.384	0	0
0.0001472	1.376	0	0
0.0001474	1.384	0	0
0.0001476	1.384	0	0
0.0001478	1.384	0	0
0.000148	1.368	0	0
0.0001482	1.376	0	0
0.0001484	1.392	0	0
0.00014860001	1.384	0	0
0.00014880001	1.376	0	0
0.00014900001	1.376	0	0
0.00014920002	1.392	0	0
0.0001494	1.376	0	0
0.0001496	1.384	0	0
0.00014980001	1.384	0	0
0.00015000001	1.384	0	0
0.00015020001	1.368	0	0
0.00015040001	1.376	0	0
0.00015060001	1.384	0	0
0.00015080001	1.392	0	0
0.00015100001	1.384	0	0
0.00015120002	1.368	0	0
0.0001514	1.376	0	0
0.0001516	1.376	0	0
0.00015180001	1.384	0	0
0.00015200001	1.376	0	0
0.00015220001	1.384	0	0
0.00015240001	1.376	0	0
0.00015260001	1.384	0	0
0.00015280001	1.376	0	0
0.00015300002	1.376	0	0
0.0001532	1.384	0	0
0.0001534	1.392	0	0
0.00015360001	1.368	0	0
0.00015380001	1.384	0	0
0.00015400001	1.384	0	0
0.00015420001	1.384	0	0
0.00015440001	1.384	0	0
0.00015460001	1.376	0	0
0.00015480001	1.384	0	0
0.00015500002	1.384	0	0
0.0001552	1.368	0	0
0.0001554	1.376	0	0
0.00015560001	1.368	0	0
0.00015580001	1.384	0	0
0.00015600001	1.376	0	0
0.00015620001	1.368	0	0
0.00015640001	1.384	0	0
0.00015660001	1.392	0	0
0.00015680002	1.384	0	0
0.000157	1.384	0	0
0.0001572	1.376	0	0
0.00015740001	1.384	0	0
0.00015760001	1.376	0	0
0.00015780001	1.368	0	0
0.00015800001	1.376	0	0
0.00015820001	1.384	0	0
0.00015840001	1.376	0	0
0.00015860001	1.376	0	0
0.00015880002	1.384	0	0
0.000159	1.376	0	0
0.0001592	1.376	0	0
0.00015940001	1.376	0	0
0.00015960001	1.368	0	0
0.00015980001	1.376	0	0
0.00016000001	1.392	0	0
0.00016020001	1.384	0	0
0.00016040001	1.384	0	0
0.00016060002	1.376	0	0
0.00016080002	1.384	0	0
0.000161	1.384	0	0
0.00016120001	1.376	0	0
0.00016140001	1.376	0	0
0.00016160001	1.384	0	0
0.00016180001	1.392	0	0
0.00016200001	1.376	0	0
0.00016220001	1.376	0	0
0.00016240001	1.384	0	0
0.00016260002	1.384	0	0
0.0001628	1.376	0	0
0.000163	1.384	0	0
0.00016320001	1.376	0	0
0.00016340001	1.376	0	0
0.00016360001	1.376	0	0
0.00016380001	1.368	0	0
0.00016400001	1.384	0	0
0.00016420001	1.376	0	0
0.00016440001	1.368	0	0
0.00016460002	1.376	0	0
0.0001648	1.384	0	0
0.000165	1.384	0	0
0.00016520001	1.368	0	0
0.00016540001	1.376	0	0
0.00016560001	1.368	0	0
0.00016580001	1.376	0	0
0.00016600001	1.384	0	0
0.00016620001	1.376	0	0
0.00016640002	1.376	0	0
0.0001666	1.376	0	0
0.0001668	1.384	0	0
0.00016700001	1.376	0	0
0.00016720001	1.376	0	0
0.00016740001	1.368	0	0
0.00016760001	1.368	0	0
0.00016780001	1.368	0	0
0.00016800001	1.376	0	0
0.00016820001	1.384	0	0
0.00016840002	1.376	0	0
0.0001686	1.368	0	0
0.0001688	1.376	0	0
0.00016900001	1.376	0	0
0.00016920001	1.376	0	0
0.00016940001	1.376	0	0
0.00016960001	1.376	0	0
0.00016980001	1.384	0	0
0.00017000001	1.376	0	0
0.00017020002	1.376	0	0
0.0001704	1.368	0	0
0.0001706	1.376	0	0
0.00017080001	1.368	0	0
0.00017100001	1.376	0	0
0.00017120001	1.368	0	0
0.00017140001	1.384	0	0
0.00017160001	1.376	0	0
0.00017180001	1.368	0	0
0.00017200001	1.384	0	0
0.00017220002	1.376	0	0
0.0001724	1.376	0	0
0.0001726	1.376	0	0
0.00017280001	1.368	0	0
0.00017300001	1.368	0	0
0.00017320001	1.384	0	0
0.00017340001	1.368	0	0
0.00017360001	1.36	0	0
0.00017380001	1.368	0	0
0.00017400002	1.376	0	0
0.00017420002	1.376	0	0
0.0001744	1.376	0	0
0.00017460001	1.376	0	0
0.00017480001	1.376	0	0
0.00017500001	1.376	0	0
0.00017520001	1.368	0	0
0.00017540001	1.368	0	0
0.00017560001	1.376	0	0
0.00017580001	1.376	0	0
0.00017600002	1.368	0	0
0.0001762	1.376	0	0
0.0001764	1.384	0	0
0.00017660001	1.384	0	0
0.00017680001	1.376	0	0
0.00017700001	1.368	0	0
0.00017720001	1.376	0	0
0.00017740001	1.376	0	0
0.00017760001	1.368	0	0
0.00017780002	1.368	0	0
0.00017800002	1.376	0	0
0.0001782	1.376	0	0
0.00017840001	1.376	0	0
0.00017860001	1.384	0	0
0.00017880001	1.368	0	0
0.00017900001	1.376	0	0
0.00017920001	1.36	0	0
0.00017940001	1.376	0	0
0.00017960001	1.376	0	0
0.00017980002	1.368	0	0
0.00018	1.368	0	0
0.0001802	1.368	0	0
0.00018040001	1.384	0	0
0.00018060001	1.376	0	0
0.00018080001	1.376	0	0
0.00018100001	1.376	0	0
0.00018120001	1.368	0	0
0.00018140001	1.376	0	0
0.00018160001	1.376	0	0
0.00018180002	1.36	0	0
0.000182	1.36	0	0
0.0001822	1.376	0	0
0.00018240001	1.376	0	0
0.00018260001	1.376	0	0
0.00018280001	1.376	0	0
0.00018300001	1.368	0	0
0.00018320001	1.384	0	0
0.00018340001	1.36	0	0
0.00018360002	1.36	0	0
0.0001838	1.36	0	0
0.000184	1.376	0	0
0.00018420001	1.368	0	0
0.00018440001	1.368	0	0
0.00018460001	1.368	0	0
0.00018480001	1.368	0	0
0.00018500001	1.36	0	0
0.00018520001	1.368	0	0
0.00018540001	1.36	0	0
0.00018560002	1.36	0	0
0.0001858	1.376	0	0
0.000186	1.36	0	0
0.00018620001	1.384	0	0
0.00018640001	1.392	0	0
0.00018660001	1.368	0	0
0.00018680001	1.368	0	0
0.00018700001	1.368	0	0
0.00018720001	1.36	0	0
0.00018740002	1.384	0	0
0.00018760002	1.368	0	0
0.0001878	1.368	0	0
0.00018800001	1.376	0	0
0.00018820001	1.384	0	0
0.00018840001	1.376	0	0
0.00018860001	1.368	0	0
0.00018880001	1.36	0	0
0.00018900001	1.36	0	0
0.00018920001	1.376	0	0
0.00018940002	1.368	0	0
0.0001896	1.368	0	0
0.0001898	1.368	0	0
0.00019000001	1.376	0	0
0.00019020001	1.368	0	0
0.00019040001	1.36	0	0
0.00019060001	1.368	0	0
0.00019080001	1.368	0	0
0.00019100001	1.376	0	0
0.00019120002	1.368	0	0
0.00019140002	1.36	0	0
0.0001916	1.368	0	0
0.00019180001	1.376	0	0
0.00019200001	1.36	0	0
0.00019220001	1.376	0	0
0.00019240001	1.368	0	0
0.00019260001	1.368	0	0
0.00019280001	1.376	0	0
0.00019300001	1.376	0	0
0.00019320002	1.36	0	0
0.0001934	1.368	0	0
0.0001936	1.368	0	0
0.00019380001	1.368	0	0
0.00019400001	1.368	0	0
0.00019420001	1.368	0	0
0.00019440001	1.368	0	0
0.00019460001	1.36	0	0
0.00019480001	1.368	0	0
0.00019500002	1.368	0	0
0.00019520002	1.368	0	0
0.0001954	1.368	0	0
0.00019560001	1.368	0	0
0.00019580001	1.368	0	0
0.00019600001	1.376	0	0
0.00019620001	1.376	0	0
0.00019640001	1.376	0	0
0.00019660001	1.368	0	0
0.00019680001	1.368	0	0
0.00019700002	1.376	0	0
0.0001972	1.36	0	0
0.0001974	1.352	0	0
0.00019760001	1.368	0	0
0.00019780001	1.376	0	0
0.00019800001	1.376	0	0
0.00019820001	1.368	0	0
0.00019840001	1.368	0	0
0.00019860001	1.368	0	0
0.00019880001	1.368	0	0
0.00019900002	1.376	0	0
0.0001992	1.36	0	0
0.0001994	1.376	0	0
0.00019960001	1.376	0	0
0.00019980001	1.36	0	0
0.00020000001	1.36	0	0
0.00020020001	1.376	0	0
0.00020040001	1.368	0	0
0.00020060001	1.368	0	0
0.00020080002	1.368	0	0
0.00020100002	1.368	0	0
0.0002012	1.376	0	0
0.00020140001	1.368	0	0
0.00020160001	1.352	0	0
0.00020180001	1.368	0	0
0.00020200001	1.376	0	0
0.00020220001	1.384	0	0
0.00020240001	1.368	0	0
0.00020260001	1.376	0	0
0.00020280002	1.376	0	0
0.000203	1.384	0	0
0.0002032	1.36	0	0
0.00020340001	1.368	0	0
0.00020360001	1.368	0	0
0.00020380001	1.36	0	0
0.00020400001	1.376	0	0
0.00020420001	1.368	0	0
0.00020440001	1.376	0	0
0.00020460002	1.384	0	0
0.00020480002	1.368	0	0
0.000205	1.368	0	0
0.00020520001	1.36	0	0
0.00020540001	1.376	0	0
0.00020560001	1.368	0	0
0.00020580001	1.368	0	0
0.00020600001	1.368	0	0
0.00020620001	1.392	0	0
0.00020640001	1.376	0	0
0.00020660002	1.384	0	0
0.0002068	1.368	0	0
0.000207	1.368	0	0
0.00020720001	1.368	0	0
0.00020740001	1.36	0	0
0.00020760001	1.368	0	0
0.00020780001	1.368	0	0
0.00020800001	1.368	0	0
0.00020820001	1.368	0	0
0.00020840002	1.368	0	0
0.00020860002	1.368	0	0
0.0002088	1.368	0	0
0.00020900001	1.36	0	0
0.00020920001	1.36	0	0
0.00020940001	1.384	0	0
0.00020960001	1.368	0	0
0.00020980001	1.36	0	0
0.00021000001	1.368	0	0
0.00021020001	1.36	0	0
0.00021040002	1.368	0	0
0.0002106	1.368	0	0
0.0002108	1.368	0	0
0.00021100001	1.36	0	0
0.00021120001	1.36	0	0
0.00021140001	1.36	0	0
0.00021160001	1.376	0	0
0.00021180001	1.368	0	0
0.00021200001	1.36	0	0
0.00021220002	1.368	0	0
0.00021240002	1.368	0	0
0.0002126	1.376	0	0
0.00021280001	1.368	0	0
0.00021300001	1.36	0	0
0.00021320001	1.368	0	0
0.00021340001	1.368	0	0
0.00021360001	1.36	0	0
0.00021380001	1.36	0	0
0.00021400001	1.368	0	0
0.00021420002	1.36	0	0
0.00021440002	1.368	0	0
0.0002146	1.368	0	0
0.00021480001	1.352	0	0
0.00021500001	1.368	0	0
0.00021520001	1.36	0	0
0.00021540001	1.352	0	0
0.00021560001	1.376	0	0
0.00021580001	1.368	0	0
0.00021600001	1.376	0	0
0.00021620002	1.36	0	0
0.0002164	1.352	0	0
0.0002166	1.36	0	0
0.00021680001	1.368	0	0
0.00021700001	1.368	0	0
0.00021720001	1.368	0	0
0.00021740001	1.368	0	0
0.00021760001	1.376	0	0
0.00021780001	1.368	0	0
0.00021800002	1.368	0	0
0.00021820002	1.376	0	0
0.0002184	1.36	0	0
0.00021860001	1.376	0	0
0.00021880001	1.368	0	0
0.00021900001	1.368	0	0
0.00021920001	1.352	0	0
0.00021940001	1.376	0	0
0.00021960001	1.368	0	0
0.00021980001	1.368	0	0
0.00022000002	1.368	0	0
0.0002202	1.368	0	0
0.0002204	1.376	0	0
0.00022060001	1.368	0	0
0.00022080001	1.368	0	0
0.00022100001	1.36	0	0
0.00022120001	1.368	0	0
0.00022140001	1.36	0	0
0.00022160001	1.36	0	0
0.00022180002	1.368	0	0
0.00022200002	1.368	0	0
0.0002222	1.36	0	0
0.00022240001	1.36	0	0
0.00022260001	1.368	0	0
0.00022280001	1.368	0	0
0.00022300001	1.368	0	0
0.00022320001	1.36	0	0
0.00022340001	1.36	0	0
0.00022360001	1.36	0	0
0.00022380002	1.36	0	0
0.000224	1.36	0	0
0.0002242	1.376	0	0
0.00022440001	1.368	0	0
0.00022460001	1.352	0	0
0.00022480001	1.352	0	0
0.00022500001	1.352	0	0
0.00022520001	1.352	0	0
0.00022540001	1.36	0	0
0.00022560002	1.344	0	0
0.00022580002	1.36	0	0
0.000226	1.368	0	0
0.00022620001	1.36	0	0
0.00022640001	1.36	0	0
0.00022660001	1.368	0	0
0.00022680001	1.368	0	0
0.00022700001	1.368	0	0
0.00022720001	1.352	0	0
0.00022740001	1.36	0	0
0.00022760002	1.352	0	0
0.00022780002	1.36	0	0
0.000228	1.368	0	0
0.00022820001	1.36	0	0
0.00022840001	1.376	0	0
0.00022860001	1.352	0	0
0.00022880001	1.36	0	0
0.00022900001	1.368	0	0
0.00022920001	1.36	0	0
0.00022940002	1.368	0	0
0.00022960002	1.36	0	0
0.0002298	1.352	0	0
0.00023000001	1.368	0	0
0.00023020001	1.36	0	0
0.00023040001	1.352	0	0
0.00023060001	1.368	0	0
0.00023080001	1.368	0	0
0.00023100001	1.36	0	0
0.00023120001	1.368	0	0
0.00023140002	1.368	0	0
0.00023160002	1.36	0	0
0.0002318	1.36	0	0
0.00023200001	1.36	0	0
0.00023220001	1.36	0	0
0.00023240001	1.368	0	0
0.00023260001	1.368	0	0
0.00023280001	1.36	0	0
0.00023300001	1.368	0	0
0.00023320001	1.352	0	0
0.00023340002	1.36	0	0
0.0002336	1.368	0	0
0.0002338	1.36	0	0
0.00023400001	1.36	0	0
0.00023420001	1.376	0	0
0.00023440001	1.352	0	0
0.00023460001	1.352	0	0
0.00023480001	1.344	0	0
0.00023500001	1.352	0	0
0.00023520002	1.352	0	0
0.00023540002	1.36	0	0
0.0002356	1.352	0	0
0.00023580001	1.36	0	0
0.00023600001	1.36	0	0
0.00023620001	1.352	0	0
0.00023640001	1.36	0	0
0.00023660001	1.36	0	0
0.00023680001	1.352	0	0
0.00023700001	1.352	0	0
0.00023720002	1.36	0	0
0.0002374	1.352	0	0
0.0002376	1.36	0	0
0.00023780001	1.36	0	0
0.00023800001	1.36	0	0
0.00023820001	1.352	0	0
0.00023840001	1.352	0	0
0.00023860001	1.352	0	0
0.00023880001	1.336	0	0
0.00023900002	1.352	0	0
0.00023920002	1.36	0	0
0.0002394	1.36	0	0
0.00023960001	1.36	0	0
0.00023980001	1.368	0	0
0.00024000001	1.368	0	0
0.00024020001	1.36	0	0
0.00024040001	1.368	0	0
0.00024060001	1.352	0	0
0.00024080001	1.368	0	0
0.00024100002	1.36	0	0
0.00024120002	1.352	0	0
0.0002414	1.352	0	0
0.00024160001	1.36	0	0
0.00024180001	1.36	0	0
0.00024200001	1.352	0	0
0.00024220001	1.368	0	0
0.00024240001	1.368	0	0
0.00024260001	1.376	0	0
0.00024280002	1.36	0	0
0.00024300002	1.352	0	0
0.0002432	1.36	0	0
0.00024340001	1.352	0	0
0.00024360001	1.36	0	0
0.00024380001	1.352	0	0
0.00024400001	1.36	0	0
0.0002442	1.352	0	0
0.0002444	1.344	0	0
0.0002446	1.352	0	0
0.0002448	1.36	0	0
0.000245	1.36	0	0
0.0002452	1.352	0	0
0.00024540001	1.36	0	0
0.00024560001	1.36	0	0
0.00024580001	1.36	0	0
0.00024600001	1.368	0	0
0.00024620001	1.352	0	0
0.00024640001	1.352	0	0
0.00024660002	1.368	0	0
0.00024680002	1.368	0	0
0.00024700002	1.352	0	0
0.00024720002	1.352	0	0
0.00024740002	1.368	0	0
0.00024760002	1.36	0	0
0.00024780002	1.36	0	0
0.000248	1.352	0	0
0.0002482	1.376	0	0
0.0002484	1.344	0	0
0.0002486	1.368	0	0
0.0002488	1.36	0	0
0.000249	1.368	0	0
0.00024920001	1.36	0	0
0.00024940001	1.36	0	0
0.00024960001	1.352	0	0
0.00024980001	1.352	0	0
0.00025000001	1.344	0	0
0.00025020001	1.344	0	0
0.00025040001	1.352	0	0
0.00025060002	1.36	0	0
0.00025080002	1.36	0	0
0.00025100002	1.344	0	0
0.00025120002	1.36	0	0
0.00025140002	1.36	0	0
0.00025160002	1.352	0	0
0.0002518	1.352	0	0
0.000252	1.352	0	0
0.0002522	1.36	0	0
0.0002524	1.36	0	0
0.0002526	1.352	0	0
0.0002528	1.344	0	0
0.00025300001	1.352	0	0
0.00025320001	1.368	0	0
0.00025340001	1.36	0	0
0.00025360001	1.352	0	0
0.00025380001	1.36	0	0
0.00025400001	1.36	0	0
0.00025420001	1.352	0	0
0.00025440002	1.352	0	0
0.00025460002	1.344	0	0
0.00025480002	1.344	0	0
0.00025500002	1.352	0	0
0.00025520002	1.352	0	0
0.00025540002	1.352	0	0
0.0002556	1.352	0	0
0.0002558	1.36	0	0