-0.0002426	0.	0	0
-0.0002424	-0.02	0	0
-0.0002422	-0.02	0	0
-0.00024199999	-0.04	0	0
-0.00024179999	0.	0	0
-0.00024160001	-0.02	0	0
-0.0002414	-0.02	0	0
-0.0002412	0.	0	0
-0.000241	-0.02	0	0
-0.0002408	-0.04	0	0
-0.0002406	0.	0	0
-0.0002404	-0.059999999	0	0
-0.0002402	-0.02	0	0
-0.00023999999	0.	0	0
-0.00023979999	-0.02	0	0
-0.00023960001	0.	0	0
-0.0002394	-0.02	0	0
-0.0002392	0.	0	0
-0.000239	-0.04	0	0
-0.0002388	-0.02	0	0
-0.0002386	-0.04	0	0
-0.0002384	-0.04	0	0
-0.00023819999	0.	0	0
-0.00023799999	-0.02	0	0
-0.00023780001	-0.059999999	0	0
-0.0002376	-0.02	0	0
-0.0002374	-0.02	0	0
-0.0002372	0.	0	0
-0.000237	0.	0	0
-0.0002368	-0.04	0	0
-0.0002366	0.	0	0
-0.0002364	-0.02	0	0
-0.00023619999	-0.02	0	0
-0.00023599999	-0.04	0	0
-0.00023580001	-0.02	0	0
-0.0002356	-0.04	0	0
-0.0002354	-0.079999998	0	0
-0.0002352	0.	0	0
-0.000235	-0.02	0	0
-0.0002348	-0.02	0	0
-0.0002346	-0.04	0	0
-0.00023439999	-0.04	0	0
-0.00023419999	-0.02	0	0
-0.00023399999	-0.04	0	0
-0.0002338	-0.04	0	0
-0.0002336	-0.02	0	0
-0.0002334	-0.04	0	0
-0.0002332	-0.02	0	0
-0.000233	-0.02	0	0
-0.0002328	0.	0	0
-0.0002326	-0.02	0	0
-0.00023239999	0.	0	0
-0.00023219999	-0.02	0	0
-0.00023200001	0.	0	0
-0.0002318	-0.04	0	0
-0.0002316	0.	0	0
-0.0002314	-0.02	0	0
-0.0002312	0.	0	0
-0.000231	-0.04	0	0
-0.0002308	0.	0	0
-0.0002306	-0.02	0	0
-0.00023039999	-0.04	0	0
-0.00023019999	0.	0	0
-0.00023000001	-0.04	0	0
-0.0002298	-0.02	0	0
-0.0002296	-0.02	0	0
-0.0002294	0.	0	0
-0.0002292	-0.04	0	0
-0.000229	-0.02	0	0
-0.0002288	-0.02	0	0
-0.00022859999	-0.04	0	0
-0.00022839999	-0.04	0	0
-0.00022820001	-0.04	0	0
-0.000228	0.	0	0
-0.0002278	-0.04	0	0
-0.0002276	-0.02	0	0
-0.0002274	-0.02	0	0
-0.0002272	-0.02	0	0
-0.000227	-0.02	0	0
-0.0002268	-0.02	0	0
-0.00022659999	-0.02	0	0
-0.00022639999	-0.04	0	0
-0.00022620001	-0.02	0	0
-0.000226	-0.04	0	0
-0.0002258	-0.04	0	0
-0.0002256	-0.02	0	0
-0.0002254	-0.04	0	0
-0.0002252	-0.02	0	0
-0.000225	-0.04	0	0
-0.00022479999	-0.04	0	0
-0.00022459999	-0.059999999	0	0
-0.00022440001	-0.02	0	0
-0.0002242	-0.04	0	0
-0.000224	-0.02	0	0
-0.0002238	-0.04	0	0
-0.0002236	0.	0	0
-0.0002234	-0.02	0	0
-0.0002232	-0.02	0	0
-0.000223	-0.02	0	0
-0.00022279999	-0.02	0	0
-0.00022259999	-0.04	0	0
-0.00022240001	-0.02	0	0
-0.0002222	-0.04	0	0
-0.000222	-0.02	0	0
-0.0002218	-0.02	0	0
-0.0002216	-0.02	0	0
-0.0002214	-0.02	0	0
-0.0002212	-0.02	0	0
-0.00022099999	-0.02	0	0
-0.00022079999	-0.02	0	0
-0.00022059999	-0.04	0	0
-0.0002204	-0.02	0	0
-0.0002202	0.	0	0
-0.00022	-0.02	0	0
-0.0002198	-0.02	0	0
-0.0002196	-0.02	0	0
-0.0002194	-0.02	0	0
-0.0002192	-0.02	0	0
-0.00021899999	-0.02	0	0
-0.00021879999	-0.04	0	0
-0.00021860001	-0.02	0	0
-0.0002184	-0.04	0	0
-0.0002182	-0.04	0	0
-0.000218	-0.02	0	0
-0.0002178	-0.059999999	0	0
-0.0002176	-0.02	0	0
-0.0002174	-0.02	0	0
-0.00021719999	-0.02	0	0
-0.00021699999	-0.02	0	0
-0.00021679999	-0.04	0	0
-0.0002166	-0.04	0	0
-0.0002164	-0.02	0	0
-0.0002162	-0.02	0	0
-0.000216	-0.04	0	0
-0.0002158	-0.02	0	0
-0.0002156	-0.079999998	0	0
-0.0002154	-0.02	0	0
-0.00021519999	-0.02	0	0
-0.00021499999	-0.02	0	0
-0.00021480001	-0.02	0	0
-0.0002146	-0.04	0	0
-0.0002144	-0.04	0	0
-0.0002142	-0.02	0	0
-0.000214	-0.02	0	0
-0.0002138	0.	0	0
-0.0002136	-0.02	0	0
-0.0002134	-0.02	0	0
-0.00021319999	-0.02	0	0
-0.00021299999	-0.04	0	0
-0.00021280001	-0.059999999	0	0
-0.0002126	-0.02	0	0
-0.0002124	0.	0	0
-0.0002122	0.	0	0
-0.000212	-0.02	0	0
-0.0002118	-0.02	0	0
-0.0002116	0.	0	0
-0.00021139999	-0.04	0	0
-0.00021119999	-0.04	0	0
-0.00021100001	-0.02	0	0
-0.0002108	-0.04	0	0
-0.0002106	-0.04	0	0
-0.0002104	0.02	0	0
-0.0002102	-0.04	0	0
-0.00021	-0.04	0	0
-0.0002098	-0.02	0	0
-0.0002096	-0.02	0	0
-0.00020939999	-0.02	0	0
-0.00020919999	-0.02	0	0
-0.00020900001	0.	0	0
-0.0002088	-0.02	0	0
-0.0002086	-0.02	0	0
-0.0002084	-0.02	0	0
-0.0002082	0.	0	0
-0.000208	-0.04	0	0
-0.0002078	-0.02	0	0
-0.00020759999	0.	0	0
-0.00020739999	-0.04	0	0
-0.00020719999	0.	0	0
-0.000207	-0.02	0	0
-0.0002068	-0.04	0	0
-0.0002066	-0.059999999	0	0
-0.0002064	-0.02	0	0
-0.0002062	-0.059999999	0	0
-0.000206	-0.02	0	0
-0.0002058	-0.02	0	0
-0.00020559999	-0.02	0	0
-0.00020539999	-0.04	0	0
-0.00020520001	-0.02	0	0
-0.000205	-0.04	0	0
-0.0002048	-0.059999999	0	0
-0.0002046	-0.04	0	0
-0.0002044	-0.04	0	0
-0.0002042	-0.059999999	0	0
-0.000204	-0.04	0	0
-0.00020379999	-0.04	0	0
-0.00020359999	-0.04	0	0
-0.00020339999	-0.04	0	0
-0.0002032	-0.02	0	0
-0.000203	-0.02	0	0
-0.0002028	-0.02	0	0
-0.0002026	0.	0	0
-0.0002024	-0.02	0	0
-0.0002022	0.	0	0
-0.000202	0.	0	0
-0.00020179999	-0.02	0	0
-0.00020159999	0.	0	0
-0.00020140001	-0.02	0	0
-0.0002012	-0.02	0	0
-0.000201	-0.02	0	0
-0.0002008	-0.04	0	0
-0.0002006	-0.02	0	0
-0.0002004	0.	0	0
-0.0002002	-0.02	0	0
-0.00019999999	-0.02	0	0
-0.00019979999	0.	0	0
-0.00019959999	0.	0	0
-0.0001994	-0.02	0	0
-0.0001992	0.	0	0
-0.000199	-0.02	0	0
-0.0001988	-0.02	0	0
-0.0001986	-0.02	0	0
-0.0001984	-0.04	0	0
-0.0001982	-0.059999999	0	0
-0.00019799999	-0.02	0	0
-0.00019779999	0.	0	0
-0.00019760001	-0.02	0	0
-0.0001974	0.	0	0
-0.0001972	-0.02	0	0
-0.000197	0.	0	0
-0.0001968	-0.02	0	0
-0.0001966	-0.02	0	0
-0.0001964	0.	0	0
-0.0001962	0.	0	0
-0.00019599999	0.	0	0
-0.00019579999	-0.04	0	0
-0.00019560001	-0.04	0	0
-0.0001954	-0.02	0	0
-0.0001952	0.	0	0
-0.000195	0.	0	0
-0.0001948	-0.02	0	0
-0.0001946	-0.04	0	0
-0.0001944	-0.02	0	0
-0.00019419999	-0.04	0	0
-0.00019399999	-0.04	0	0
-0.00019379999	-0.02	0	0
-0.0001936	0.02	0	0
-0.0001934	-0.02	0	0
-0.0001932	0.02	0	0
-0.000193	-0.02	0	0
-0.0001928	0.	0	0
-0.0001926	0.	0	0
-0.0001924	-0.02	0	0
-0.00019219999	-0.04	0	0
-0.00019199999	-0.02	0	0
-0.00019180001	-0.02	0	0
-0.0001916	0.	0	0
-0.0001914	0.	0	0
-0.0001912	-0.04	0	0
-0.000191	-0.02	0	0
-0.0001908	-0.02	0	0
-0.0001906	0.	0	0
-0.00019039999	0.	0	0
-0.00019019999	-0.02	0	0
-0.00018999999	-0.02	0	0
-0.0001898	0.	0	0
-0.0001896	0.	0	0
-0.0001894	0.	0	0
-0.0001892	0.	0	0
-0.000189	-0.04	0	0
-0.0001888	-0.02	0	0
-0.0001886	0.	0	0
-0.00018839999	-0.02	0	0
-0.00018819999	0.	0	0
-0.00018800001	-0.04	0	0
-0.0001878	-0.02	0	0
-0.0001876	-0.02	0	0
-0.0001874	0.	0	0
-0.0001872	-0.02	0	0
-0.000187	0.	0	0
-0.0001868	0.	0	0
-0.00018659999	0.	0	0
-0.00018639999	-0.059999999	0	0
-0.00018619999	-0.02	0	0
-0.000186	0.	0	0
-0.0001858	-0.02	0	0
-0.0001856	-0.02	0	0
-0.0001854	-0.02	0	0
-0.0001852	-0.02	0	0
-0.000185	-0.02	0	0
-0.0001848	-0.02	0	0
-0.00018459999	-0.04	0	0
-0.00018439999	-0.02	0	0
-0.00018420001	-0.04	0	0
-0.000184	0.	0	0
-0.0001838	-0.02	0	0
-0.0001836	0.	0	0
-0.0001834	-0.02	0	0
-0.0001832	-0.04	0	0
-0.000183	-0.02	0	0
-0.00018279999	-0.02	0	0
-0.00018259999	-0.02	0	0
-0.00018239999	-0.02	0	0
-0.0001822	-0.02	0	0
-0.000182	-0.02	0	0
-0.0001818	-0.02	0	0
-0.0001816	-0.02	0	0
-0.0001814	-0.02	0	0
-0.0001812	-0.02	0	0
-0.000181	-0.04	0	0
-0.00018079999	0.	0	0
-0.00018059999	0.	0	0
-0.00018039999	-0.02	0	0
-0.0001802	0.	0	0
-0.00018	-0.02	0	0
-0.0001798	-0.02	0	0
-0.0001796	-0.02	0	0
-0.0001794	-0.02	0	0
-0.0001792	-0.04	0	0
-0.000179	-0.04	0	0
-0.00017879999	0.	0	0
-0.00017859999	-0.04	0	0
-0.00017840001	-0.04	0	0
-0.0001782	-0.059999999	0	0
-0.000178	-0.02	0	0
-0.0001778	-0.02	0	0
-0.0001776	-0.02	0	0
-0.0001774	-0.02	0	0
-0.0001772	-0.04	0	0
-0.00017699999	-0.02	0	0
-0.00017679999	-0.02	0	0
-0.00017659999	-0.02	0	0
-0.0001764	-0.02	0	0
-0.0001762	0.	0	0
-0.000176	-0.059999999	0	0
-0.0001758	-0.02	0	0
-0.0001756	0.	0	0
-0.0001754	-0.02	0	0
-0.0001752	0.	0	0
-0.00017499999	-0.04	0	0
-0.00017479999	-0.02	0	0
-0.00017460001	-0.02	0	0
-0.0001744	0.	0	0
-0.0001742	0.	0	0
-0.000174	-0.04	0	0
-0.0001738	-0.02	0	0
-0.0001736	-0.02	0	0
-0.0001734	-0.02	0	0
-0.00017319999	-0.02	0	0
-0.00017299999	0.	0	0
-0.00017279999	0.	0	0
-0.0001726	-0.02	0	0
-0.0001724	-0.02	0	0
-0.0001722	-0.02	0	0
-0.000172	-0.02	0	0
-0.0001718	-0.02	0	0
-0.0001716	-0.02	0	0
-0.0001714	-0.02	0	0
-0.00017119999	-0.02	0	0
-0.00017099999	-0.02	0	0
-0.00017080001	0.02	0	0
-0.0001706	-0.04	0	0
-0.0001704	-0.02	0	0
-0.0001702	-0.04	0	0
-0.00017	-0.02	0	0
-0.0001698	-0.02	0	0
-0.0001696	-0.02	0	0
-0.00016939999	-0.02	0	0
-0.00016919999	-0.02	0	0
-0.00016899999	-0.02	0	0
-0.0001688	0.	0	0
-0.0001686	0.02	0	0
-0.0001684	0.	0	0
-0.0001682	-0.04	0	0
-0.000168	0.	0	0
-0.0001678	0.	0	0
-0.0001676	-0.04	0	0
-0.00016739999	-0.02	0	0
-0.00016719999	0.	0	0
-0.00016699999	0.	0	0
-0.0001668	-0.02	0	0
-0.0001666	-0.02	0	0
-0.0001664	0.	0	0
-0.0001662	0.	0	0
-0.000166	-0.04	0	0
-0.0001658	-0.02	0	0
-0.00016559999	-0.02	0	0
-0.00016539999	-0.02	0	0
-0.00016519999	0.	0	0
-0.000165	-0.02	0	0
-0.0001648	-0.04	0	0
-0.0001646	-0.02	0	0
-0.0001644	-0.04	0	0
-0.0001642	-0.02	0	0
-0.000164	-0.02	0	0
-0.0001638	-0.02	0	0
-0.00016359999	0.	0	0
-0.00016339999	0.	0	0
-0.00016319999	-0.02	0	0
-0.000163	-0.02	0	0
-0.0001628	-0.02	0	0
-0.0001626	-0.02	0	0
-0.0001624	-0.02	0	0
-0.0001622	-0.04	0	0
-0.000162	-0.02	0	0
-0.0001618	0.	0	0
-0.00016159999	-0.02	0	0
-0.00016139999	-0.02	0	0
-0.00016120001	-0.04	0	0
-0.000161	-0.02	0	0
-0.0001608	0.	0	0
-0.0001606	0.	0	0
-0.0001604	0.	0	0
-0.0001602	-0.059999999	0	0
-0.00016	-0.04	0	0
-0.00015979999	-0.02	0	0
-0.00015959999	0.	0	0
-0.00015939999	-0.02	0	0
-0.0001592	-0.02	0	0
-0.000159	-0.04	0	0
-0.0001588	-0.059999999	0	0
-0.0001586	-0.059999999	0	0
-0.0001584	-0.02	0	0
-0.0001582	-0.02	0	0
-0.000158	-0.02	0	0
-0.00015779999	-0.02	0	0
-0.00015759999	-0.02	0	0
-0.00015740001	-0.02	0	0
-0.0001572	-0.02	0	0
-0.000157	0.	0	0
-0.0001568	-0.04	0	0
-0.0001566	-0.02	0	0
-0.0001564	-0.04	0	0
-0.0001562	-0.04	0	0
-0.00015599999	-0.02	0	0
-0.00015579999	0.	0	0
-0.00015559999	0.	0	0
-0.0001554	0.	0	0
-0.0001552	-0.04	0	0
-0.000155	-0.04	0	0
-0.0001548	-0.04	0	0
-0.0001546	-0.02	0	0
-0.0001544	-0.04	0	0
-0.0001542	-0.02	0	0
-0.00015399999	-0.02	0	0
-0.00015379999	0.	0	0
-0.00015359999	-0.02	0	0
-0.0001534	-0.04	0	0
-0.0001532	0.	0	0
-0.000153	-0.02	0	0
-0.0001528	0.	0	0
-0.0001526	-0.04	0	0
-0.0001524	-0.02	0	0
-0.00015219999	0.	0	0
-0.00015199999	-0.02	0	0
-0.00015179999	-0.04	0	0
-0.0001516	0.	0	0
-0.0001514	0.	0	0
-0.0001512	-0.02	0	0
-0.000151	-0.02	0	0
-0.0001508	-0.02	0	0
-0.0001506	-0.02	0	0
-0.0001504	-0.02	0	0
-0.00015019999	-0.04	0	0
-0.00014999999	0.	0	0
-0.00014979999	-0.02	0	0
-0.0001496	-0.02	0	0
-0.0001494	-0.02	0	0
-0.0001492	-0.02	0	0
-0.000149	-0.02	0	0
-0.0001488	-0.02	0	0
-0.0001486	-0.04	0	0
-0.0001484	-0.04	0	0
-0.0001482	-0.02	0	0
-0.000148	-0.04	0	0
-0.0001478	-0.04	0	0
-0.0001476	-0.02	0	0
-0.0001474	-0.04	0	0
-0.0001472	-0.059999999	0	0
-0.000147	-0.04	0	0
-0.0001468	-0.04	0	0
-0.0001466	-0.02	0	0
-0.0001464	0.	0	0
-0.0001462	-0.02	0	0
-0.000146	-0.04	0	0
-0.0001458	-0.059999999	0	0
-0.0001456	-0.02	0	0
-0.0001454	-0.02	0	0
-0.0001452	-0.04	0	0
-0.000145	-0.04	0	0
-0.0001448	-0.02	0	0
-0.0001446	-0.04	0	0
-0.0001444	-0.04	0	0
-0.0001442	-0.02	0	0
-0.000144	-0.04	0	0
-0.0001438	-0.02	0	0
-0.0001436	-0.04	0	0
-0.0001434	-0.02	0	0
-0.0001432	-0.04	0	0
-0.000143	0.	0	0
-0.0001428	-0.02	0	0
-0.0001426	-0.04	0	0
-0.0001424	-0.04	0	0
-0.0001422	-0.02	0	0
-0.000142	-0.02	0	0
-0.0001418	-0.04	0	0
-0.0001416	0.	0	0
-0.0001414	-0.059999999	0	0
-0.0001412	-0.02	0	0
-0.000141	0.	0	0
-0.0001408	0.	0	0
-0.0001406	0.	0	0
-0.0001404	-0.02	0	0
-0.0001402	-0.02	0	0
-0.00014	-0.02	0	0
-0.0001398	0.	0	0
-0.0001396	-0.02	0	0
-0.0001394	-0.02	0	0
-0.0001392	-0.04	0	0
-0.000139	-0.04	0	0
-0.0001388	-0.059999999	0	0
-0.0001386	-0.02	0	0
-0.0001384	0.	0	0
-0.0001382	-0.02	0	0
-0.000138	0.	0	0
-0.0001378	-0.04	0	0
-0.0001376	-0.02	0	0
-0.0001374	-0.02	0	0
-0.0001372	-0.04	0	0
-0.000137	-0.04	0	0
-0.0001368	-0.02	0	0
-0.0001366	-0.04	0	0
-0.0001364	-0.079999998	0	0
-0.0001362	-0.02	0	0
-0.000136	0.02	0	0
-0.0001358	-0.02	0	0
-0.0001356	-0.02	0	0
-0.0001354	-0.04	0	0
-0.0001352	-0.04	0	0
-0.000135	-0.02	0	0
-0.0001348	-0.04	0	0
-0.0001346	-0.02	0	0
-0.0001344	-0.02	0	0
-0.0001342	-0.02	0	0
-0.000134	-0.02	0	0
-0.0001338	-0.02	0	0
-0.0001336	-0.04	0	0
-0.0001334	0.	0	0
-0.0001332	-0.02	0	0
-0.000133	0.	0	0
-0.0001328	-0.04	0	0
-0.0001326	-0.02	0	0
-0.0001324	-0.02	0	0
-0.0001322	-0.04	0	0
-0.000132	-0.04	0	0
-0.0001318	-0.02	0	0
-0.0001316	-0.02	0	0
-0.0001314	-0.04	0	0
-0.0001312	-0.02	0	0
-0.000131	-0.02	0	0
-0.0001308	-0.02	0	0
-0.0001306	-0.02	0	0
-0.0001304	-0.02	0	0
-0.0001302	-0.02	0	0
-0.00013	0.	0	0
-0.0001298	0.	0	0
-0.0001296	-0.02	0	0
-0.0001294	-0.02	0	0
-0.0001292	0.	0	0
-0.000129	0.	0	0
-0.0001288	-0.02	0	0
-0.0001286	-0.059999999	0	0
-0.0001284	-0.02	0	0
-0.0001282	-0.04	0	0
-0.000128	-0.02	0	0
-0.0001278	-0.02	0	0
-0.0001276	-0.04	0	0
-0.0001274	-0.04	0	0
-0.0001272	-0.02	0	0
-0.000127	-0.059999999	0	0
-0.0001268	-0.02	0	0
-0.0001266	0.	0	0
-0.0001264	-0.04	0	0
-0.0001262	-0.02	0	0
-0.000126	-0.04	0	0
-0.0001258	0.	0	0
-0.0001256	-0.02	0	0
-0.0001254	-0.02	0	0
-0.0001252	-0.02	0	0
-0.000125	-0.02	0	0
-0.0001248	-0.02	0	0
-0.0001246	-0.02	0	0
-0.0001244	-0.02	0	0
-0.0001242	-0.04	0	0
-0.000124	-0.04	0	0
-0.0001238	-0.02	0	0
-0.0001236	-0.02	0	0
-0.0001234	0.02	0	0
-0.0001232	-0.02	0	0
-0.000123	0.	0	0
-0.0001228	-0.02	0	0
-0.0001226	0.	0	0
-0.0001224	0.	0	0
-0.0001222	0.	0	0
-0.000122	0.	0	0
-0.0001218	-0.02	0	0
-0.0001216	-0.02	0	0
-0.0001214	-0.02	0	0
-0.0001212	-0.04	0	0
-0.000121	0.	0	0
-0.0001208	0.	0	0
-0.0001206	-0.04	0	0
-0.0001204	-0.04	0	0
-0.0001202	-0.04	0	0
-0.00012	-0.02	0	0
-0.0001198	-0.04	0	0
-0.0001196	-0.02	0	0
-0.0001194	-0.02	0	0
-0.0001192	-0.04	0	0
-0.000119	-0.04	0	0
-0.0001188	-0.04	0	0
-0.0001186	-0.02	0	0
-0.0001184	-0.02	0	0
-0.0001182	-0.02	0	0
-0.000118	0.	0	0
-0.0001178	-0.02	0	0
-0.0001176	-0.02	0	0
-0.0001174	-0.04	0	0
-0.0001172	-0.04	0	0
-0.000117	-0.02	0	0
-0.0001168	0.	0	0
-0.0001166	-0.04	0	0
-0.0001164	-0.02	0	0
-0.0001162	0.02	0	0
-0.000116	0.	0	0
-0.0001158	0.	0	0
-0.0001156	-0.02	0	0
-0.0001154	-0.04	0	0
-0.0001152	-0.04	0	0
-0.000115	-0.02	0	0
-0.0001148	0.	0	0
-0.0001146	-0.02	0	0
-0.0001144	-0.02	0	0
-0.0001142	-0.02	0	0
-0.000114	0.	0	0
-0.0001138	-0.04	0	0
-0.0001136	-0.02	0	0
-0.0001134	-0.02	0	0
-0.0001132	-0.04	0	0
-0.000113	-0.02	0	0
-0.0001128	0.	0	0
-0.0001126	-0.04	0	0
-0.0001124	0.	0	0
-0.0001122	-0.02	0	0
-0.000112	-0.04	0	0
-0.0001118	0.	0	0
-0.0001116	-0.02	0	0
-0.0001114	0.	0	0
-0.0001112	0.	0	0
-0.000111	-0.02	0	0
-0.0001108	-0.02	0	0
-0.0001106	-0.02	0	0
-0.0001104	0.	0	0
-0.0001102	0.	0	0
-0.00011	-0.02	0	0
-0.0001098	-0.04	0	0
-0.0001096	-0.02	0	0
-0.0001094	-0.02	0	0
-0.0001092	0.	0	0
-0.000109	-0.02	0	0
-0.0001088	0.	0	0
-0.0001086	-0.02	0	0
-0.0001084	-0.02	0	0
-0.0001082	0.	0	0
-0.000108	-0.02	0	0
-0.0001078	-0.02	0	0
-0.0001076	0.	0	0
-0.0001074	0.	0	0
-0.0001072	-0.04	0	0
-0.000107	0.	0	0
-0.0001068	0.	0	0
-0.0001066	0.	0	0
-0.0001064	-0.02	0	0
-0.0001062	-0.04	0	0
-0.000106	-0.02	0	0
-0.0001058	-0.02	0	0
-0.0001056	-0.04	0	0
-0.0001054	-0.04	0	0
-0.0001052	-0.02	0	0
-0.000105	0.	0	0
-0.0001048	-0.02	0	0
-0.0001046	0.	0	0
-0.0001044	-0.02	0	0
-0.0001042	-0.02	0	0
-0.000104	-0.02	0	0
-0.0001038	0.	0	0
-0.0001036	0.02	0	0
-0.0001034	-0.02	0	0
-0.0001032	0.	0	0
-0.000103	0.	0	0
-0.0001028	-0.02	0	0
-0.0001026	0.	0	0
-0.0001024	-0.02	0	0
-0.0001022	-0.02	0	0
-0.000102	-0.02	0	0
-0.0001018	-0.02	0	0
-0.0001016	-0.02	0	0
-0.0001014	-0.02	0	0
-0.0001012	-0.02	0	0
-0.000101	0.	0	0
-0.0001008	0.	0	0
-0.0001006	0.	0	0
-0.0001004	-0.02	0	0
-0.0001002	-0.02	0	0
-0.000099999997	-0.04	0	0
-0.000099799996	-0.02	0	0
-0.000099599994	-0.02	0	0
-0.0000994	-0.04	0	0
-0.000099199999	-0.04	0	0
-0.000098999997	-0.04	0	0
-0.000098799996	0.	0	0
-0.000098599994	-0.02	0	0
-0.0000984	0.	0	0
-0.000098199998	-0.02	0	0
-0.000097999997	-0.04	0	0
-0.000097799995	0.02	0	0
-0.000097600001	-0.02	0	0
-0.0000974	0.	0	0
-0.000097199998	-0.02	0	0
-0.000096999996	-0.04	0	0
-0.000096799995	-0.04	0	0
-0.000096600001	-0.02	0	0
-0.000096399999	0.02	0	0
-0.000096199998	0.	0	0
-0.000095999996	-0.02	0	0
-0.000095799995	0.	0	0
-0.0000956	-0.02	0	0
-0.000095399999	0.	0	0
-0.000095199997	-0.04	0	0
-0.000094999996	0.	0	0
-0.000094799994	-0.04	0	0
-0.0000946	0.	0	0
-0.000094399998	0.	0	0
-0.000094199997	-0.02	0	0
-0.000093999995	-0.04	0	0
-0.000093799994	-0.02	0	0
-0.0000936	0.	0	0
-0.000093399998	0.02	0	0
-0.000093199997	-0.02	0	0
-0.000092999995	-0.02	0	0
-0.000092800001	-0.02	0	0
-0.000092599999	-0.02	0	0
-0.000092399998	-0.02	0	0
-0.000092199996	-0.04	0	0
-0.000091999995	0.	0	0
-0.000091800001	-0.02	0	0
-0.000091599999	0.	0	0
-0.000091399997	-0.059999999	0	0
-0.000091199996	-0.02	0	0
-0.000090999994	-0.02	0	0
-0.0000908	-0.02	0	0
-0.000090599999	0.	0	0
-0.000090399997	-0.02	0	0
-0.000090199996	-0.02	0	0
-0.000089999994	-0.02	0	0
-0.0000898	-0.02	0	0
-0.000089599998	0.	0	0
-0.000089399997	-0.02	0	0
-0.000089199995	0.	0	0
-0.000088999994	-0.04	0	0
-0.0000888	-0.02	0	0
-0.000088599998	0.	0	0
-0.000088399996	0.	0	0
-0.000088199995	0.	0	0
-0.000088000001	0.	0	0
-0.000087799999	-0.02	0	0
-0.000087599998	0.	0	0
-0.000087399996	-0.04	0	0
-0.000087199995	0.	0	0
-0.000087	-0.02	0	0
-0.000086799999	0.	0	0
-0.000086599997	-0.02	0	0
-0.000086399996	-0.02	0	0
-0.000086199994	-0.02	0	0
-0.000086	-0.02	0	0
-0.000085799998	-0.02	0	0
-0.000085599997	-0.04	0	0
-0.000085399995	-0.02	0	0
-0.000085199994	-0.02	0	0
-0.000085	0.	0	0
-0.000084799998	0.	0	0
-0.000084599997	-0.02	0	0
-0.000084399995	-0.02	0	0
-0.000084200001	-0.04	0	0
-0.000083999999	-0.02	0	0
-0.000083799998	0.	0	0
-0.000083599996	-0.02	0	0
-0.000083399995	-0.02	0	0
-0.000083200001	-0.04	0	0
-0.000082999999	-0.04	0	0
-0.000082799997	0.	0	0
-0.000082599996	-0.04	0	0
-0.000082399994	-0.04	0	0
-0.0000822	-0.02	0	0
-0.000081999999	-0.059999999	0	0
-0.000081799997	-0.02	0	0
-0.000081599996	0.02	0	0
-0.000081399994	-0.02	0	0
-0.0000812	0.	0	0
-0.000080999998	-0.04	0	0
-0.000080799997	-0.02	0	0
-0.000080599995	-0.04	0	0
-0.000080399994	-0.02	0	0
-0.0000802	-0.04	0	0
-0.000079999998	-0.02	0	0
-0.000079799996	-0.02	0	0
-0.000079599995	-0.059999999	0	0
-0.000079400001	-0.059999999	0	0
-0.000079199999	-0.04	0	0
-0.000078999998	-0.02	0	0
-0.000078799996	-0.02	0	0
-0.000078599995	-0.02	0	0
-0.0000784	-0.04	0	0
-0.000078199999	-0.02	0	0
-0.000077999997	-0.04	0	0
-0.000077799996	-0.059999999	0	0
-0.000077599994	0.	0	0
-0.0000774	-0.02	0	0
-0.000077199998	-0.02	0	0
-0.000076999997	-0.059999999	0	0
-0.000076799995	-0.02	0	0
-0.000076599994	-0.02	0	0
-0.0000764	-0.02	0	0
-0.000076199998	-0.02	0	0
-0.000075999997	-0.02	0	0
-0.000075799995	-0.04	0	0
-0.000075600001	-0.02	0	0
-0.000075399999	-0.02	0	0
-0.000075199998	-0.02	0	0
-0.000074999996	-0.04	0	0
-0.000074799995	-0.02	0	0
-0.000074600001	-0.02	0	0
-0.000074399999	-0.02	0	0
-0.000074199997	-0.04	0	0
-0.000073999996	-0.02	0	0
-0.000073799994	0.	0	0
-0.0000736	-0.02	0	0
-0.000073399999	-0.02	0	0
-0.000073199997	-0.02	0	0
-0.000072999996	-0.04	0	0
-0.000072799994	-0.04	0	0
-0.0000726	-0.04	0	0
-0.000072399998	-0.04	0	0
-0.000072199997	-0.02	0	0
-0.000071999995	-0.059999999	0	0
-0.000071799994	-0.02	0	0
-0.0000716	-0.02	0	0
-0.000071399998	-0.02	0	0
-0.000071199996	0.	0	0
-0.000070999995	-0.02	0	0
-0.000070800001	-0.04	0	0
-0.000070599999	-0.02	0	0
-0.000070399998	-0.02	0	0
-0.000070199996	-0.04	0	0
-0.000069999995	0.	0	0
-0.0000698	-0.04	0	0
-0.000069599999	0.	0	0
-0.000069399997	-0.02	0	0
-0.000069199996	-0.04	0	0
-0.000068999994	-0.02	0	0
-0.0000688	-0.02	0	0
-0.000068599998	-0.02	0	0
-0.000068399997	-0.02	0	0
-0.000068199995	-0.02	0	0
-0.000067999994	-0.02	0	0
-0.0000678	-0.02	0	0
-0.000067599998	-0.04	0	0
-0.000067399997	0.	0	0
-0.000067199995	0.	0	0
-0.000066999994	-0.02	0	0
-0.000066799999	-0.02	0	0
-0.000066599998	-0.02	0	0
-0.000066399996	-0.04	0	0
-0.000066199995	-0.04	0	0
-0.000066000001	-0.04	0	0
-0.000065799999	-0.04	0	0
-0.000065599997	-0.04	0	0
-0.000065399996	-0.04	0	0
-0.000065199994	-0.04	0	0
-0.000065	-0.04	0	0
-0.000064799999	-0.04	0	0
-0.000064599997	-0.02	0	0
-0.000064399996	-0.02	0	0
-0.000064199994	-0.02	0	0
-0.000064	-0.02	0	0
-0.000063799998	-0.02	0	0
-0.000063599997	0.	0	0
-0.000063399995	-0.02	0	0
-0.000063199994	-0.02	0	0
-0.000062999999	-0.02	0	0
-0.000062799998	0.	0	0
-0.000062599996	-0.04	0	0
-0.000062399995	0.	0	0
-0.000062200001	-0.04	0	0
-0.000061999999	-0.04	0	0
-0.000061799998	0.	0	0
-0.000061599996	-0.02	0	0
-0.000061399995	0.	0	0
-0.0000612	-0.02	0	0
-0.000060999999	-0.02	0	0
-0.000060799997	-0.04	0	0
-0.000060599996	0.	0	0
-0.000060399998	-0.02	0	0
-0.000060199996	0.	0	0
-0.000059999998	-0.02	0	0
-0.000059799997	-0.04	0	0
-0.000059599995	-0.04	0	0
-0.000059399998	-0.02	0	0
-0.000059199996	-0.02	0	0
-0.000058999998	-0.02	0	0
-0.000058799997	-0.02	0	0
-0.000058599999	-0.04	0	0
-0.000058399997	-0.04	0	0
-0.000058199996	-0.02	0	0
-0.000057999998	-0.04	0	0
-0.000057799996	-0.059999999	0	0
-0.000057599998	-0.02	0	0
-0.000057399997	-0.02	0	0
-0.000057199995	-0.059999999	0	0
-0.000056999997	-0.02	0	0
-0.000056799996	-0.02	0	0
-0.000056599998	-0.02	0	0
-0.000056399997	-0.02	0	0
-0.000056199999	-0.02	0	0
-0.000055999997	-0.04	0	0
-0.000055799996	-0.02	0	0
-0.000055599998	-0.02	0	0
-0.000055399996	-0.02	0	0
-0.000055199998	-0.04	0	0
-0.000054999997	-0.02	0	0
-0.000054799995	-0.02	0	0
-0.000054599997	0.	0	0
-0.0000544	-0.04	0	0
-0.0000542	-0.02	0	0
-0.000054	-0.02	0	0
-0.0000538	-0.02	0	0
-0.0000536	-0.04	0	0
-0.0000534	-0.02	0	0
-0.0000532	-0.04	0	0
-0.000053	-0.02	0	0
-0.0000528	-0.04	0	0
-0.0000526	-0.04	0	0
-0.0000524	0.	0	0
-0.0000522	-0.04	0	0
-0.000052	-0.02	0	0
-0.0000518	-0.02	0	0
-0.0000516	-0.02	0	0
-0.0000514	-0.02	0	0
-0.0000512	0.	0	0
-0.000051	-0.02	0	0
-0.0000508	-0.02	0	0
-0.0000506	-0.02	0	0
-0.0000504	-0.02	0	0
-0.0000502	0.	0	0
-0.00005	-0.02	0	0
-0.0000498	0.	0	0
-0.0000496	-0.02	0	0
-0.0000494	-0.04	0	0
-0.0000492	0.	0	0
-0.000049	-0.02	0	0
-0.0000488	-0.02	0	0
-0.0000486	0.	0	0
-0.0000484	-0.02	0	0
-0.0000482	-0.04	0	0
-0.000048	-0.02	0	0
-0.0000478	-0.059999999	0	0
-0.0000476	-0.02	0	0
-0.0000474	0.	0	0
-0.0000472	-0.04	0	0
-0.000047	-0.02	0	0
-0.0000468	-0.059999999	0	0
-0.0000466	-0.059999999	0	0
-0.0000464	-0.059999999	0	0
-0.0000462	-0.04	0	0
-0.000046	-0.04	0	0
-0.0000458	-0.02	0	0
-0.0000456	-0.04	0	0
-0.0000454	-0.02	0	0
-0.0000452	-0.02	0	0
-0.000045	-0.04	0	0
-0.0000448	-0.02	0	0
-0.0000446	-0.04	0	0
-0.0000444	0.	0	0
-0.0000442	0.	0	0
-0.000044	-0.02	0	0
-0.0000438	-0.02	0	0
-0.0000436	-0.02	0	0
-0.0000434	-0.059999999	0	0
-0.0000432	0.	0	0
-0.000043	0.	0	0
-0.0000428	0.	0	0
-0.0000426	0.	0	0
-0.0000424	-0.02	0	0
-0.0000422	-0.02	0	0
-0.000042	-0.02	0	0
-0.0000418	-0.02	0	0
-0.0000416	0.	0	0
-0.0000414	-0.02	0	0
-0.0000412	-0.04	0	0
-0.000041	-0.02	0	0
-0.0000408	0.02	0	0
-0.0000406	-0.02	0	0
-0.0000404	-0.04	0	0
-0.0000402	-0.02	0	0
-0.00004	-0.02	0	0
-0.0000398	-0.04	0	0
-0.0000396	-0.04	0	0
-0.0000394	-0.04	0	0
-0.0000392	0.	0	0
-0.000039	-0.02	0	0
-0.0000388	-0.02	0	0
-0.0000386	-0.04	0	0
-0.0000384	-0.02	0	0
-0.0000382	-0.02	0	0
-0.000038	0.	0	0
-0.0000378	-0.02	0	0
-0.0000376	-0.02	0	0
-0.0000374	-0.02	0	0
-0.0000372	-0.02	0	0
-0.000037	0.	0	0
-0.0000368	0.	0	0
-0.0000366	0.	0	0
-0.0000364	-0.02	0	0
-0.0000362	-0.02	0	0
-0.000036	-0.04	0	0
-0.0000358	-0.04	0	0
-0.0000356	-0.02	0	0
-0.0000354	-0.04	0	0
-0.0000352	-0.02	0	0
-0.000035	-0.04	0	0
-0.0000348	0.	0	0
-0.0000346	-0.04	0	0
-0.0000344	-0.02	0	0
-0.0000342	-0.02	0	0
-0.000034	-0.02	0	0
-0.0000338	-0.02	0	0
-0.0000336	0.	0	0
-0.0000334	-0.04	0	0
-0.0000332	-0.04	0	0
-0.000033	-0.02	0	0
-0.0000328	-0.02	0	0
-0.0000326	0.	0	0
-0.0000324	-0.02	0	0
-0.0000322	-0.02	0	0
-0.000032	-0.02	0	0
-0.0000318	-0.02	0	0
-0.0000316	-0.02	0	0
-0.0000314	0.	0	0
-0.0000312	-0.02	0	0
-0.000031	-0.02	0	0
-0.0000308	-0.02	0	0
-0.0000306	0.	0	0
-0.0000304	-0.02	0	0
-0.0000302	-0.02	0	0
-0.00003	0.	0	0
-0.0000298	-0.02	0	0
-0.0000296	-0.02	0	0
-0.0000294	-0.02	0	0
-0.0000292	-0.04	0	0
-0.000029	0.	0	0
-0.0000288	-0.04	0	0
-0.0000286	0.	0	0
-0.0000284	0.	0	0
-0.0000282	-0.02	0	0
-0.000028	-0.04	0	0
-0.0000278	0.	0	0
-0.0000276	0.	0	0
-0.0000274	-0.02	0	0
-0.0000272	-0.02	0	0
-0.000027	-0.04	0	0
-0.0000268	-0.04	0	0
-0.0000266	-0.02	0	0
-0.0000264	-0.02	0	0
-0.0000262	-0.059999999	0	0
-0.000026	0.	0	0
-0.0000258	-0.02	0	0
-0.0000256	-0.02	0	0
-0.0000254	0.	0	0
-0.0000252	-0.02	0	0
-0.000025	-0.04	0	0
-0.0000248	-0.02	0	0
-0.0000246	0.	0	0
-0.0000244	0.	0	0
-0.0000242	0.	0	0
-0.000024	0.	0	0
-0.0000238	-0.02	0	0
-0.0000236	-0.04	0	0
-0.0000234	0.	0	0
-0.0000232	-0.02	0	0
-0.000023	-0.02	0	0
-0.0000228	-0.02	0	0
-0.0000226	-0.02	0	0
-0.0000224	-0.02	0	0
-0.0000222	-0.02	0	0
-0.000022	0.	0	0
-0.0000218	-0.02	0	0
-0.0000216	-0.02	0	0
-0.0000214	-0.04	0	0
-0.0000212	-0.02	0	0
-0.000021	-0.02	0	0
-0.0000208	0.	0	0
-0.0000206	-0.04	0	0
-0.0000204	-0.02	0	0
-0.0000202	-0.02	0	0
-0.00002	-0.04	0	0
-0.0000198	-0.059999999	0	0
-0.0000196	-0.02	0	0
-0.0000194	-0.02	0	0
-0.0000192	-0.02	0	0
-0.000019	-0.02	0	0
-0.0000188	-0.02	0	0
-0.0000186	-0.02	0	0
-0.0000184	-0.04	0	0
-0.0000182	-0.02	0	0
-0.000018	-0.02	0	0
-0.0000178	-0.02	0	0
-0.0000176	-0.059999999	0	0
-0.0000174	0.02	0	0
-0.0000172	0.	0	0
-0.000017	0.	0	0
-0.0000168	-0.02	0	0
-0.0000166	-0.02	0	0
-0.0000164	-0.02	0	0
-0.0000162	-0.02	0	0
-0.000016	-0.04	0	0
-0.0000158	-0.02	0	0
-0.0000156	-0.04	0	0
-0.0000154	-0.02	0	0
-0.0000152	0.	0	0
-0.000015	0.02	0	0
-0.0000148	-0.04	0	0
-0.0000146	-0.02	0	0
-0.0000144	0.	0	0
-0.0000142	0.02	0	0
-0.000014	-0.02	0	0
-0.0000138	-0.02	0	0
-0.0000136	-0.02	0	0
-0.0000134	0.	0	0
-0.0000132	-0.02	0	0
-0.000013	-0.04	0	0
-0.0000128	-0.02	0	0
-0.0000126	0.	0	0
-0.0000124	0.	0	0
-0.0000122	-0.04	0	0
-0.000012	-0.02	0	0
-0.0000118	0.	0	0
-0.0000116	-0.02	0	0
-0.0000114	-0.02	0	0
-0.0000112	0.	0	0
-0.000011	0.02	0	0
-0.0000108	-0.02	0	0
-0.0000106	-0.02	0	0
-0.0000104	0.	0	0
-0.0000102	-0.02	0	0
-9.999996e-6	-0.04	0	0
-9.799996e-6	0.	0	0
-9.599997e-6	-0.02	0	0
-9.399996e-6	-0.02	0	0
-9.199996e-6	-0.02	0	0
-8.999997e-6	-0.02	0	0
-8.799996e-6	-0.02	0	0
-8.599996e-6	0.	0	0
-8.399997e-6	-0.02	0	0
-8.199996e-6	-0.04	0	0
-7.999996e-6	-0.04	0	0
-7.799997e-6	0.	0	0
-7.599996e-6	-0.02	0	0
-7.399996e-6	-0.02	0	0
-7.2e-6	-0.04	0	0
-7.e-6	-0.02	0	0
-6.8e-6	-0.04	0	0
-6.6e-6	-0.04	0	0
-6.4e-6	-0.04	0	0
-6.2e-6	0.	0	0
-6.e-6	-0.02	0	0
-5.8e-6	-0.02	0	0
-5.6e-6	-0.02	0	0
-5.4e-6	-0.02	0	0
-5.2e-6	-0.02	0	0
-5.e-6	0.	0	0
-4.8e-6	-0.02	0	0
-4.6e-6	-0.02	0	0
-4.4e-6	-0.02	0	0
-4.2e-6	0.	0	0
-4.e-6	-0.02	0	0
-3.8e-6	-0.04	0	0
-3.6e-6	-0.02	0	0
-3.4e-6	0.	0	0
-3.2e-6	-0.02	0	0
-3.e-6	0.	0	0
-2.8e-6	-0.04	0	0
-2.6e-6	-0.02	0	0
-2.4e-6	0.	0	0
-2.2e-6	0.	0	0
-2.e-6	-0.02	0	0
-1.8e-6	-0.04	0	0
-1.6e-6	-0.02	0	0
-1.4e-6	-0.02	0	0
-1.2e-6	0.	0	0
-1.e-6	-0.02	0	0
-7.99996371e-7	-0.02	0	0
-5.99996383e-7	-0.02	0	0
-3.9999634e-7	-0.02	0	0
-1.9999635e-7	-0.02	0	0
3.65219e-12	-0.02	0	0
2.0000365e-7	0.04	0	0
4.0000367e-7	0.079999998	0	0
6.00003659e-7	0.099999994	0	0
8.00003647e-7	0.12	0	0
1.e-6	0.16	0	0
1.2e-6	0.19999999	0	0
1.4e-6	0.22	0	0
1.6e-6	0.25999999	0	0
1.8e-6	0.31999999	0	0
2.e-6	0.31999999	0	0
2.2e-6	0.35999998	0	0
2.4e-6	0.419999987	0	0
2.6e-6	0.479999989	0	0
2.8e-6	0.5	0	0
3.e-6	0.560000002	0	0
3.2e-6	0.539999962	0	0
3.4e-6	0.579999983	0	0
3.6e-6	0.599999964	0	0
3.8e-6	0.639999986	0	0
4.e-6	0.680000007	0	0
4.2e-6	0.680000007	0	0
4.4e-6	0.719999969	0	0
4.6e-6	0.74000001	0	0
4.8e-6	0.74000001	0	0
5.e-6	0.75999999	0	0
5.2e-6	0.779999971	0	0
5.4e-6	0.799999952	0	0
5.6e-6	0.799999952	0	0
5.8e-6	0.799999952	0	0
6.e-6	0.819999993	0	0
6.2e-6	0.839999974	0	0
6.4e-6	0.859999955	0	0
6.6e-6	0.859999955	0	0
6.8e-6	0.879999995	0	0
7.e-6	0.919999957	0	0
7.2e-6	0.899999976	0	0
7.400004e-6	0.919999957	0	0
7.600004e-6	0.939999998	0	0
7.800004e-6	0.939999998	0	0
8.000004e-6	0.959999979	0	0
8.200003e-6	0.959999979	0	0
8.400004e-6	0.959999979	0	0
8.600004e-6	0.979999959	0	0
8.800003e-6	0.979999959	0	0
9.000004e-6	1.	0	0
9.200004e-6	1.02	0	0
9.400003e-6	1.02	0	0
9.600004e-6	1.04	0	0
9.800004e-6	1.04	0	0
0.00001	1.04	0	0
0.0000102	1.06	0	0
0.0000104	1.06	0	0
0.0000106	1.06	0	0
0.0000108	1.08	0	0
0.000011	1.08	0	0
0.0000112	1.1	0	0
0.0000114	1.1	0	0
0.0000116	1.1	0	0
0.0000118	1.12	0	0
0.000012	1.1	0	0
0.0000122	1.12	0	0
0.0000124	1.12	0	0
0.0000126	1.12	0	0
0.0000128	1.14	0	0
0.000013	1.16	0	0
0.0000132	1.16	0	0
0.0000134	1.14	0	0
0.0000136	1.16	0	0
0.0000138	1.14	0	0
0.000014	1.18	0	0
0.0000142	1.2	0	0
0.0000144	1.18	0	0
0.0000146	1.2	0	0
0.0000148	1.2	0	0
0.000015	1.22	0	0
0.0000152	1.2	0	0
0.0000154	1.2	0	0
0.0000156	1.22	0	0
0.0000158	1.22	0	0
0.000016	1.24	0	0
0.0000162	1.24	0	0
0.0000164	1.24	0	0
0.0000166	1.24	0	0
0.0000168	1.24	0	0
0.000017	1.24	0	0
0.0000172	1.24	0	0
0.0000174	1.28	0	0
0.0000176	1.26	0	0
0.0000178	1.26	0	0
0.000018	1.28	0	0
0.0000182	1.3	0	0
0.0000184	1.3	0	0
0.0000186	1.26	0	0
0.0000188	1.28	0	0
0.000019	1.26	0	0
0.0000192	1.32	0	0
0.0000194	1.32	0	0
0.0000196	1.3	0	0
0.0000198	1.28	0	0
0.00002	1.32	0	0
0.0000202	1.3	0	0
0.0000204	1.3	0	0
0.0000206	1.32	0	0
0.0000208	1.34	0	0
0.000021	1.34	0	0
0.0000212	1.36	0	0
0.0000214	1.34	0	0
0.0000216	1.34	0	0
0.0000218	1.34	0	0
0.000022	1.36	0	0
0.0000222	1.36	0	0
0.0000224	1.38	0	0
0.0000226	1.36	0	0
0.0000228	1.32	0	0
0.000023	1.38	0	0
0.0000232	1.38	0	0
0.0000234	1.36	0	0
0.0000236	1.36	0	0
0.0000238	1.38	0	0
0.000024	1.36	0	0
0.0000242	1.4	0	0
0.0000244	1.38	0	0
0.0000246	1.38	0	0
0.0000248	1.38	0	0
0.000025	1.4	0	0
0.0000252	1.4	0	0
0.0000254	1.4	0	0
0.0000256	1.42	0	0
0.0000258	1.42	0	0
0.000026	1.4	0	0
0.0000262	1.4	0	0
0.0000264	1.44	0	0
0.0000266	1.42	0	0
0.0000268	1.4	0	0
0.000027	1.4	0	0
0.0000272	1.42	0	0
0.0000274	1.44	0	0
0.0000276	1.42	0	0
0.0000278	1.42	0	0
0.000028	1.44	0	0
0.0000282	1.44	0	0
0.0000284	1.46	0	0
0.0000286	1.44	0	0
0.0000288	1.44	0	0
0.000029	1.46	0	0
0.0000292	1.46	0	0
0.0000294	1.46	0	0
0.0000296	1.46	0	0
0.0000298	1.46	0	0
0.00003	1.46	0	0
0.0000302	1.46	0	0
0.0000304	1.46	0	0
0.0000306	1.48	0	0
0.00003080001	1.46	0	0
0.000031	1.48	0	0
0.0000312	1.5	0	0
0.0000314	1.5	0	0
0.0000316	1.46	0	0
0.00003180001	1.48	0	0
0.000032	1.48	0	0
0.00003220001	1.5	0	0
0.0000324	1.5	0	0
0.0000326	1.48	0	0
0.0000328	1.5	0	0
0.000033	1.5	0	0
0.00003320001	1.48	0	0
0.0000334	1.5	0	0
0.0000336	1.5	0	0
0.0000338	1.48	0	0
0.000034	1.52	0	0
0.00003420001	1.52	0	0
0.0000344	1.54	0	0
0.00003460001	1.52	0	0
0.0000348	1.52	0	0
0.000035	1.54	0	0
0.0000352	1.54	0	0
0.0000354	1.5	0	0
0.00003560001	1.54	0	0
0.0000358	1.52	0	0
0.000036	1.5	0	0
0.0000362	1.54	0	0
0.0000364	1.52	0	0
0.00003660001	1.54	0	0
0.0000368	1.54	0	0
0.00003700001	1.56	0	0
0.0000372	1.56	0	0
0.0000374	1.54	0	0
0.0000376	1.56	0	0
0.0000378	1.58	0	0
0.00003800001	1.54	0	0
0.0000382	1.56	0	0
0.0000384	1.56	0	0
0.0000386	1.54	0	0
0.0000388	1.58	0	0
0.00003900001	1.56	0	0
0.0000392	1.56	0	0
0.00003940001	1.56	0	0
0.0000396	1.58	0	0
0.0000398	1.58	0	0
0.00004	1.56	0	0
0.0000402	1.56	0	0
0.00004040001	1.6	0	0
0.0000406	1.58	0	0
0.00004080001	1.58	0	0
0.000041	1.58	0	0
0.0000412	1.58	0	0
0.0000414	1.58	0	0
0.0000416	1.58	0	0
0.00004180001	1.58	0	0
0.000042	1.58	0	0
0.0000422	1.6	0	0
0.0000424	1.58	0	0
0.0000426	1.6	0	0
0.00004280001	1.6	0	0
0.000043	1.62	0	0
0.00004320001	1.56	0	0
0.0000434	1.58	0	0
0.0000436	1.6	0	0
0.0000438	1.62	0	0
0.000044	1.64	0	0
0.00004420001	1.6	0	0
0.0000444	1.62	0	0
0.0000446	1.6	0	0
0.0000448	1.6	0	0
0.000045	1.6	0	0
0.00004520001	1.62	0	0
0.0000454	1.6	0	0
0.00004560001	1.62	0	0
0.0000458	1.6	0	0
0.000046	1.6	0	0
0.0000462	1.62	0	0
0.0000464	1.62	0	0
0.00004660001	1.6	0	0
0.0000468	1.64	0	0
0.000047	1.64	0	0
0.0000472	1.62	0	0
0.0000474	1.62	0	0
0.00004760001	1.62	0	0
0.0000478	1.64	0	0
0.00004800001	1.66	0	0
0.0000482	1.66	0	0
0.0000484	1.64	0	0
0.0000486	1.64	0	0
0.0000488	1.64	0	0
0.00004900001	1.64	0	0
0.0000492	1.64	0	0
0.00004940001	1.66	0	0
0.0000496	1.64	0	0
0.0000498	1.64	0	0
0.00005000001	1.64	0	0
0.0000502	1.66	0	0
0.00005040001	1.68	0	0
0.0000506	1.66	0	0
0.0000508	1.64	0	0
0.000051	1.66	0	0
0.0000512	1.66	0	0
0.00005140001	1.66	0	0
0.0000516	1.68	0	0
0.00005180001	1.66	0	0
0.000052	1.68	0	0
0.0000522	1.68	0	0
0.0000524	1.66	0	0
0.0000526	1.66	0	0
0.00005280001	1.68	0	0
0.000053	1.68	0	0
0.0000532	1.66	0	0
0.0000534	1.66	0	0
0.0000536	1.68	0	0
0.00005380001	1.68	0	0
0.000054	1.66	0	0
0.00005420001	1.68	0	0
0.0000544	1.7	0	0
0.000054600005	1.68	0	0
0.000054800003	1.66	0	0
0.000055000004	1.68	0	0
0.000055200006	1.68	0	0
0.000055400003	1.66	0	0
0.000055600005	1.72	0	0
0.000055800003	1.68	0	0
0.000056000004	1.7	0	0
0.000056200006	1.66	0	0
0.000056400004	1.68	0	0
0.000056600005	1.68	0	0
0.000056800003	1.7	0	0
0.000057000005	1.7	0	0
0.000057200003	1.68	0	0
0.000057400004	1.7	0	0
0.000057600006	1.72	0	0
0.000057800004	1.7	0	0
0.000058000005	1.72	0	0
0.000058200003	1.68	0	0
0.000058400004	1.72	0	0
0.000058600006	1.68	0	0
0.000058800004	1.7	0	0
0.000059000005	1.7	0	0
0.000059200003	1.68	0	0
0.000059400005	1.72	0	0
0.000059600003	1.72	0	0
0.000059800004	1.72	0	0
0.000060000006	1.7	0	0
0.000060200004	1.72	0	0
0.000060400005	1.7	0	0
0.000060600003	1.7	0	0
0.000060800005	1.72	0	0
0.000061000006	1.72	0	0
0.000061200008	1.74	0	0
0.000061400002	1.72	0	0
0.000061600003	1.74	0	0
0.000061800005	1.72	0	0
0.000062000006	1.74	0	0
0.000062200008	1.74	0	0
0.000062400002	1.72	0	0
0.000062600004	1.72	0	0
0.000062800005	1.72	0	0
0.000063000007	1.72	0	0
0.000063200001	1.72	0	0
0.000063400003	1.72	0	0
0.000063600004	1.7	0	0
0.000063800006	1.76	0	0
0.000064000007	1.74	0	0
0.000064200001	1.72	0	0
0.000064400003	1.76	0	0
0.000064600004	1.74	0	0
0.000064800006	1.74	0	0
0.000065000007	1.72	0	0
0.000065200002	1.74	0	0
0.000065400003	1.74	0	0
0.000065600005	1.74	0	0
0.000065800006	1.74	0	0
0.000066000008	1.76	0	0
0.000066200002	1.74	0	0
0.000066400004	1.74	0	0
0.000066600005	1.72	0	0
0.000066800007	1.76	0	0
0.000067000001	1.76	0	0
0.000067200002	1.76	0	0
0.000067400004	1.76	0	0
0.000067600005	1.78	0	0
0.000067800007	1.76	0	0
0.000068000001	1.76	0	0
0.000068200003	1.76	0	0
0.000068400004	1.78	0	0
0.000068600006	1.78	0	0
0.000068800007	1.74	0	0
0.000069000002	1.76	0	0
0.000069200003	1.78	0	0
0.000069400005	1.74	0	0
0.000069600006	1.76	0	0
0.000069800008	1.76	0	0
0.000070000002	1.76	0	0
0.000070200003	1.76	0	0
0.000070400005	1.78	0	0
0.000070600006	1.78	0	0
0.000070800008	1.78	0	0
0.000071000002	1.78	0	0
0.000071200004	1.76	0	0
0.000071400005	1.76	0	0
0.000071600007	1.76	0	0
0.000071800001	1.78	0	0
0.000072000003	1.78	0	0
0.000072200004	1.8	0	0
0.000072400006	1.78	0	0
0.000072600007	1.8	0	0
0.000072800001	1.8	0	0
0.000073000003	1.76	0	0
0.000073200004	1.78	0	0
0.000073400006	1.78	0	0
0.000073600007	1.8	0	0
0.000073800002	1.78	0	0
0.000074000003	1.8	0	0
0.000074200005	1.78	0	0
0.000074400006	1.76	0	0
0.000074600008	1.78	0	0
0.000074800002	1.76	0	0
0.000075000004	1.78	0	0
0.000075200005	1.78	0	0
0.000075400007	1.8	0	0
0.000075600008	1.8	0	0
0.000075800002	1.82	0	0
0.000076000004	1.8	0	0
0.000076200005	1.8	0	0
0.000076400007	1.8	0	0
0.000076600001	1.8	0	0
0.000076800003	1.8	0	0
0.000077000004	1.82	0	0
0.000077200006	1.8	0	0
0.000077400007	1.8	0	0
0.000077600002	1.82	0	0
0.000077800003	1.8	0	0
0.000078000005	1.82	0	0
0.000078200006	1.8	0	0
0.000078400008	1.8	0	0
0.000078600002	1.82	0	0
0.000078800003	1.82	0	0
0.000079000005	1.82	0	0
0.000079200006	1.82	0	0
0.000079400008	1.82	0	0
0.000079600002	1.8	0	0
0.000079800004	1.82	0	0
0.000080000005	1.8	0	0
0.000080200007	1.8	0	0
0.000080400001	1.8	0	0
0.000080600003	1.82	0	0
0.000080800004	1.8	0	0
0.000081000006	1.8	0	0
0.000081200007	1.82	0	0
0.000081400001	1.84	0	0
0.000081600003	1.82	0	0
0.000081800004	1.82	0	0
0.000082000006	1.82	0	0
0.000082200007	1.8	0	0
0.000082400002	1.84	0	0
0.000082600003	1.82	0	0
0.000082800005	1.8	0	0
0.000083000006	1.8	0	0
0.000083200008	1.82	0	0
0.000083400002	1.82	0	0
0.000083600004	1.82	0	0
0.000083800005	1.82	0	0
0.000084000007	1.82	0	0
0.000084200008	1.82	0	0
0.000084400002	1.84	0	0
0.000084600004	1.8	0	0
0.000084800005	1.84	0	0
0.000085000007	1.84	0	0
0.000085200001	1.8	0	0
0.000085400003	1.84	0	0
0.000085600004	1.82	0	0
0.000085800006	1.82	0	0
0.000086000007	1.84	0	0
0.000086200002	1.82	0	0
0.000086400003	1.82	0	0
0.000086600005	1.84	0	0
0.000086800006	1.84	0	0
0.000087000008	1.82	0	0
0.000087200002	1.82	0	0
0.000087400003	1.84	0	0
0.000087600005	1.84	0	0
0.000087800006	1.82	0	0
0.000088000008	1.82	0	0
0.000088200002	1.82	0	0
0.000088400004	1.82	0	0
0.000088600005	1.84	0	0
0.000088800007	1.84	0	0
0.000089000008	1.84	0	0
0.000089200003	1.84	0	0
0.000089400004	1.84	0	0
0.000089600006	1.84	0	0
0.000089800007	1.88	0	0
0.000090000001	1.84	0	0
0.000090200003	1.86	0	0
0.000090400004	1.84	0	0
0.000090600006	1.88	0	0
0.000090800007	1.86	0	0
0.000091000002	1.86	0	0
0.000091200003	1.84	0	0
0.000091400005	1.84	0	0
0.000091600006	1.86	0	0
0.000091800008	1.86	0	0
0.000092000002	1.86	0	0
0.000092200004	1.88	0	0
0.000092400005	1.86	0	0
0.000092600007	1.86	0	0
0.000092800008	1.84	0	0
0.000093000002	1.86	0	0
0.000093200004	1.86	0	0
0.000093400005	1.84	0	0
0.000093600007	1.86	0	0
0.000093800001	1.86	0	0
0.000094000003	1.88	0	0
0.000094200004	1.88	0	0
0.000094400006	1.84	0	0
0.000094600007	1.84	0	0
0.000094800002	1.86	0	0
0.000095000003	1.84	0	0
0.000095200005	1.86	0	0
0.000095400006	1.84	0	0
0.000095600008	1.84	0	0
0.000095800002	1.86	0	0
0.000096000003	1.88	0	0
0.000096200005	1.86	0	0
0.000096400006	1.84	0	0
0.000096600008	1.88	0	0
0.000096800002	1.86	0	0
0.000097000004	1.88	0	0
0.000097200005	1.86	0	0
0.000097400007	1.86	0	0
0.000097600008	1.86	0	0
0.000097800003	1.88	0	0
0.000098000004	1.84	0	0
0.000098200006	1.84	0	0
0.000098400007	1.86	0	0
0.000098600001	1.9	0	0
0.000098800003	1.88	0	0
0.000099000004	1.86	0	0
0.000099200006	1.86	0	0
0.000099400007	1.84	0	0
0.000099600002	1.88	0	0
0.000099800003	1.86	0	0
0.0001	1.86	0	0
0.0001002	1.88	0	0
0.0001004	1.88	0	0
0.0001006	1.86	0	0
0.0001008	1.86	0	0
0.000101	1.86	0	0
0.0001012	1.9	0	0
0.0001014	1.86	0	0
0.0001016	1.88	0	0
0.0001018	1.86	0	0
0.000102	1.88	0	0
0.0001022	1.88	0	0
0.0001024	1.88	0	0
0.0001026	1.86	0	0
0.0001028	1.88	0	0
0.000103	1.88	0	0
0.0001032	1.86	0	0
0.0001034	1.86	0	0
0.0001036	1.86	0	0
0.0001038	1.84	0	0
0.000104	1.88	0	0
0.0001042	1.88	0	0
0.0001044	1.86	0	0
0.0001046	1.84	0	0
0.0001048	1.86	0	0
0.000105	1.86	0	0
0.0001052	1.86	0	0
0.0001054	1.86	0	0
0.0001056	1.88	0	0
0.0001058	1.86	0	0
0.000106	1.86	0	0
0.0001062	1.86	0	0
0.0001064	1.88	0	0
0.0001066	1.88	0	0
0.0001068	1.88	0	0
0.000107	1.86	0	0
0.0001072	1.9	0	0
0.0001074	1.88	0	0
0.0001076	1.88	0	0
0.0001078	1.88	0	0
0.000108	1.86	0	0
0.0001082	1.9	0	0
0.0001084	1.88	0	0
0.0001086	1.9	0	0
0.0001088	1.88	0	0
0.000109	1.9	0	0
0.0001092	1.9	0	0
0.0001094	1.88	0	0
0.0001096	1.88	0	0
0.0001098	1.88	0	0
0.00011	1.9	0	0
0.0001102	1.86	0	0
0.0001104	1.88	0	0
0.0001106	1.88	0	0
0.0001108	1.9	0	0
0.000111	1.9	0	0
0.0001112	1.88	0	0
0.0001114	1.88	0	0
0.0001116	1.88	0	0
0.0001118	1.88	0	0
0.000112	1.9	0	0
0.0001122	1.9	0	0
0.0001124	1.88	0	0
0.0001126	1.88	0	0
0.0001128	1.88	0	0
0.000113	1.86	0	0
0.0001132	1.88	0	0
0.0001134	1.9	0	0
0.0001136	1.88	0	0
0.0001138	1.88	0	0
0.000114	1.88	0	0
0.0001142	1.86	0	0
0.0001144	1.88	0	0
0.0001146	1.9	0	0
0.0001148	1.9	0	0
0.000115	1.9	0	0
0.0001152	1.86	0	0
0.0001154	1.88	0	0
0.0001156	1.88	0	0
0.0001158	1.9	0	0
0.000116	1.88	0	0
0.0001162	1.88	0	0
0.0001164	1.88	0	0
0.0001166	1.88	0	0
0.0001168	1.88	0	0
0.000117	1.9	0	0
0.0001172	1.88	0	0
0.0001174	1.88	0	0
0.0001176	1.88	0	0
0.0001178	1.88	0	0
0.000118	1.88	0	0
0.0001182	1.9	0	0
0.0001184	1.88	0	0
0.0001186	1.88	0	0
0.0001188	1.88	0	0
0.000119	1.88	0	0
0.0001192	1.88	0	0
0.0001194	1.88	0	0
0.0001196	1.9	0	0
0.0001198	1.9	0	0
0.00012	1.86	0	0
0.0001202	1.88	0	0
0.0001204	1.9	0	0
0.0001206	1.9	0	0
0.0001208	1.9	0	0
0.000121	1.9	0	0
0.0001212	1.88	0	0
0.0001214	1.9	0	0
0.0001216	1.88	0	0
0.0001218	1.9	0	0
0.000122	1.88	0	0
0.0001222	1.9	0	0
0.0001224	1.88	0	0
0.0001226	1.9	0	0
0.0001228	1.88	0	0
0.000123	1.9	0	0
0.0001232	1.9	0	0
0.0001234	1.88	0	0
0.0001236	1.88	0	0
0.0001238	1.92	0	0
0.000124	1.9	0	0
0.0001242	1.9	0	0
0.0001244	1.88	0	0
0.0001246	1.88	0	0
0.0001248	1.88	0	0
0.000125	1.9	0	0
0.0001252	1.88	0	0
0.0001254	1.9	0	0
0.0001256	1.88	0	0
0.0001258	1.86	0	0
0.000126	1.9	0	0
0.0001262	1.9	0	0
0.0001264	1.88	0	0
0.0001266	1.88	0	0
0.0001268	1.92	0	0
0.000127	1.9	0	0
0.0001272	1.9	0	0
0.0001274	1.92	0	0
0.0001276	1.9	0	0
0.0001278	1.88	0	0
0.000128	1.9	0	0
0.0001282	1.9	0	0
0.0001284	1.88	0	0
0.0001286	1.9	0	0
0.0001288	1.92	0	0
0.000129	1.9	0	0
0.0001292	1.9	0	0
0.0001294	1.9	0	0
0.0001296	1.9	0	0
0.0001298	1.92	0	0
0.00013	1.9	0	0
0.0001302	1.9	0	0
0.0001304	1.9	0	0
0.0001306	1.9	0	0
0.0001308	1.88	0	0
0.000131	1.9	0	0
0.0001312	1.9	0	0
0.0001314	1.9	0	0
0.0001316	1.88	0	0
0.0001318	1.92	0	0
0.000132	1.9	0	0
0.0001322	1.9	0	0
0.0001324	1.9	0	0
0.0001326	1.9	0	0
0.0001328	1.9	0	0
0.000133	1.9	0	0
0.0001332	1.9	0	0
0.0001334	1.9	0	0
0.0001336	1.92	0	0
0.0001338	1.9	0	0
0.000134	1.9	0	0
0.0001342	1.9	0	0
0.0001344	1.9	0	0
0.0001346	1.9	0	0
0.0001348	1.92	0	0
0.000135	1.88	0	0
0.0001352	1.9	0	0
0.0001354	1.88	0	0
0.0001356	1.9	0	0
0.0001358	1.9	0	0
0.000136	1.88	0	0
0.0001362	1.92	0	0
0.0001364	1.9	0	0
0.0001366	1.9	0	0
0.0001368	1.9	0	0
0.000137	1.88	0	0
0.0001372	1.9	0	0
0.0001374	1.9	0	0
0.0001376	1.88	0	0
0.0001378	1.9	0	0
0.000138	1.9	0	0
0.0001382	1.92	0	0
0.0001384	1.9	0	0
0.0001386	1.9	0	0
0.0001388	1.9	0	0
0.000139	1.9	0	0
0.0001392	1.9	0	0
0.0001394	1.9	0	0
0.0001396	1.9	0	0
0.0001398	1.9	0	0
0.00014	1.9	0	0
0.0001402	1.9	0	0
0.0001404	1.92	0	0
0.0001406	1.92	0	0
0.0001408	1.9	0	0
0.000141	1.88	0	0
0.0001412	1.88	0	0
0.0001414	1.88	0	0
0.0001416	1.88	0	0
0.0001418	1.94	0	0
0.000142	1.88	0	0
0.0001422	1.9	0	0
0.0001424	1.9	0	0
0.0001426	1.88	0	0
0.0001428	1.9	0	0
0.000143	1.92	0	0
0.0001432	1.9	0	0
0.0001434	1.92	0	0
0.0001436	1.9	0	0
0.0001438	1.9	0	0
0.000144	1.9	0	0
0.0001442	1.9	0	0
0.0001444	1.9	0	0
0.0001446	1.9	0	0
0.0001448	1.9	0	0
0.000145	1.88	0	0
0.0001452	1.9	0	0
0.0001454	1.9	0	0
0.0001456	1.9	0	0
0.0001458	1.88	0	0
0.000146	1.88	0	0
0.0001462	1.88	0	0
0.0001464	1.9	0	0
0.0001466	1.88	0	0
0.0001468	1.9	0	0
0.000147	1.9	0	0
0.0001472	1.9	0	0
0.0001474	1.9	0	0
0.0001476	1.88	0	0
0.0001478	1.9	0	0
0.000148	1.9	0	0
0.0001482	1.9	0	0
0.0001484	1.88	0	0
0.00014860001	1.9	0	0
0.00014880001	1.9	0	0
0.000149	1.9	0	0
0.0001492	1.9	0	0
0.0001494	1.88	0	0
0.0001496	1.9	0	0
0.00014980001	1.9	0	0
0.00015000001	1.88	0	0
0.00015020001	1.88	0	0
0.00015040001	1.9	0	0
0.00015060001	1.9	0	0
0.0001508	1.86	0	0
0.000151	1.88	0	0
0.0001512	1.94	0	0
0.0001514	1.88	0	0
0.0001516	1.9	0	0
0.00015180001	1.88	0	0
0.00015200001	1.92	0	0
0.00015220001	1.9	0	0
0.00015240001	1.88	0	0
0.00015260001	1.9	0	0
0.0001528	1.9	0	0
0.000153	1.88	0	0
0.0001532	1.88	0	0
0.0001534	1.88	0	0
0.00015360001	1.9	0	0
0.00015380001	1.86	0	0
0.00015400001	1.9	0	0
0.00015420001	1.9	0	0
0.00015440001	1.9	0	0
0.0001546	1.9	0	0
0.0001548	1.88	0	0
0.000155	1.9	0	0
0.0001552	1.9	0	0
0.0001554	1.9	0	0
0.00015560001	1.88	0	0
0.00015580001	1.88	0	0
0.00015600001	1.88	0	0
0.00015620001	1.9	0	0
0.00015640001	1.9	0	0
0.0001566	1.92	0	0
0.0001568	1.9	0	0
0.000157	1.92	0	0
0.0001572	1.92	0	0
0.00015740001	1.9	0	0
0.00015760001	1.88	0	0
0.00015780001	1.9	0	0
0.00015800001	1.92	0	0
0.00015820001	1.88	0	0
0.0001584	1.9	0	0
0.0001586	1.88	0	0
0.0001588	1.88	0	0
0.000159	1.9	0	0
0.0001592	1.88	0	0
0.00015940001	1.88	0	0
0.00015960001	1.9	0	0
0.00015980001	1.88	0	0
0.00016000001	1.9	0	0
0.00016020001	1.9	0	0
0.0001604	1.88	0	0
0.0001606	1.9	0	0
0.0001608	1.88	0	0
0.000161	1.88	0	0
0.00016120001	1.88	0	0
0.00016140001	1.9	0	0
0.00016160001	1.9	0	0
0.00016180001	1.92	0	0
0.00016200001	1.88	0	0
0.00016220001	1.88	0	0
0.0001624	1.88	0	0
0.0001626	1.92	0	0
0.0001628	1.9	0	0
0.000163	1.9	0	0
0.00016320001	1.9	0	0
0.00016340001	1.9	0	0
0.00016360001	1.9	0	0
0.00016380001	1.88	0	0
0.00016400001	1.88	0	0
0.0001642	1.88	0	0
0.0001644	1.88	0	0
0.0001646	1.88	0	0
0.0001648	1.9	0	0
0.000165	1.9	0	0
0.00016520001	1.92	0	0
0.00016540001	1.88	0	0
0.00016560001	1.88	0	0
0.00016580001	1.92	0	0
0.00016600001	1.9	0	0
0.0001662	1.9	0	0
0.0001664	1.88	0	0
0.0001666	1.9	0	0
0.0001668	1.9	0	0
0.00016700001	1.9	0	0
0.00016720001	1.88	0	0
0.00016740001	1.88	0	0
0.00016760001	1.9	0	0
0.00016780001	1.88	0	0
0.000168	1.9	0	0
0.0001682	1.88	0	0
0.0001684	1.92	0	0
0.0001686	1.9	0	0
0.0001688	1.88	0	0
0.00016900001	1.9	0	0
0.00016920001	1.9	0	0
0.00016940001	1.9	0	0
0.00016960001	1.9	0	0
0.00016980001	1.9	0	0
0.00017	1.9	0	0
0.0001702	1.9	0	0
0.0001704	1.9	0	0
0.0001706	1.88	0	0
0.00017080001	1.9	0	0
0.00017100001	1.9	0	0
0.00017120001	1.9	0	0
0.00017140001	1.92	0	0
0.00017160001	1.9	0	0
0.0001718	1.9	0	0
0.000172	1.9	0	0
0.0001722	1.86	0	0
0.0001724	1.88	0	0
0.0001726	1.9	0	0
0.00017280001	1.9	0	0
0.00017300001	1.9	0	0
0.00017320001	1.88	0	0
0.00017340001	1.92	0	0
0.00017360001	1.88	0	0
0.0001738	1.9	0	0
0.000174	1.88	0	0
0.0001742	1.9	0	0
0.0001744	1.9	0	0
0.00017460001	1.86	0	0
0.00017480001	1.92	0	0
0.00017500001	1.9	0	0
0.00017520001	1.9	0	0
0.00017540001	1.9	0	0
0.00017560001	1.88	0	0
0.0001758	1.9	0	0
0.000176	1.88	0	0
0.0001762	1.88	0	0
0.0001764	1.88	0	0
0.00017660001	1.9	0	0
0.00017680001	1.88	0	0
0.00017700001	1.9	0	0
0.00017720001	1.88	0	0
0.00017740001	1.88	0	0
0.0001776	1.9	0	0
0.0001778	1.9	0	0
0.000178	1.88	0	0
0.0001782	1.88	0	0
0.00017840001	1.9	0	0
0.00017860001	1.88	0	0
0.00017880001	1.9	0	0
0.00017900001	1.9	0	0
0.00017920001	1.88	0	0
0.00017940001	1.88	0	0
0.0001796	1.88	0	0
0.0001798	1.86	0	0
0.00018	1.88	0	0
0.0001802	1.9	0	0
0.00018040001	1.88	0	0
0.00018060001	1.88	0	0
0.00018080001	1.9	0	0
0.00018100001	1.88	0	0
0.00018120001	1.88	0	0
0.0001814	1.9	0	0
0.0001816	1.88	0	0
0.0001818	1.86	0	0
0.000182	1.88	0	0
0.0001822	1.88	0	0
0.00018240001	1.88	0	0
0.00018260001	1.92	0	0
0.00018280001	1.88	0	0
0.00018300001	1.86	0	0
0.00018320001	1.9	0	0
0.0001834	1.88	0	0
0.0001836	1.88	0	0
0.0001838	1.9	0	0
0.000184	1.86	0	0
0.00018420001	1.86	0	0
0.00018440001	1.88	0	0
0.00018460001	1.88	0	0
0.00018480001	1.88	0	0
0.00018500001	1.88	0	0
0.0001852	1.88	0	0
0.0001854	1.88	0	0
0.0001856	1.9	0	0
0.0001858	1.88	0	0
0.000186	1.88	0	0
0.00018620001	1.9	0	0
0.00018640001	1.92	0	0
0.00018660001	1.9	0	0
0.00018680001	1.92	0	0
0.00018700001	1.9	0	0
0.0001872	1.88	0	0
0.0001874	1.9	0	0
0.0001876	1.88	0	0
0.0001878	1.88	0	0
0.00018800001	1.88	0	0
0.00018820001	1.88	0	0
0.00018840001	1.88	0	0
0.00018860001	1.9	0	0
0.00018880001	1.9	0	0
0.00018900001	1.9	0	0
0.0001892	1.9	0	0
0.0001894	1.88	0	0
0.0001896	1.86	0	0
0.0001898	1.88	0	0
0.00019000001	1.9	0	0
0.00019020001	1.88	0	0
0.00019040001	1.86	0	0
0.00019060001	1.84	0	0
0.00019080001	1.86	0	0
0.000191	1.88	0	0
0.0001912	1.88	0	0
0.0001914	1.88	0	0
0.0001916	1.9	0	0
0.00019180001	1.86	0	0
0.00019200001	1.9	0	0
0.00019220001	1.88	0	0
0.00019240001	1.88	0	0
0.00019260001	1.88	0	0
0.00019280001	1.88	0	0
0.000193	1.88	0	0
0.0001932	1.88	0	0
0.0001934	1.86	0	0
0.0001936	1.86	0	0
0.00019380001	1.9	0	0
0.00019400001	1.9	0	0
0.00019420001	1.9	0	0
0.00019440001	1.88	0	0
0.00019460001	1.88	0	0
0.0001948	1.9	0	0
0.000195	1.88	0	0
0.0001952	1.88	0	0
0.0001954	1.88	0	0
0.00019560001	1.9	0	0
0.00019580001	1.88	0	0
0.00019600001	1.88	0	0
0.00019620001	1.9	0	0
0.00019640001	1.9	0	0
0.00019660001	1.9	0	0
0.0001968	1.88	0	0
0.000197	1.86	0	0
0.0001972	1.88	0	0
0.0001974	1.88	0	0
0.00019760001	1.88	0	0
0.00019780001	1.9	0	0
0.00019800001	1.9	0	0
0.00019820001	1.88	0	0
0.00019840001	1.86	0	0
0.0001986	1.88	0	0
0.0001988	1.88	0	0
0.000199	1.88	0	0
0.0001992	1.88	0	0
0.0001994	1.88	0	0
0.00019960001	1.9	0	0
0.00019980001	1.88	0	0
0.00020000001	1.9	0	0
0.00020020001	1.86	0	0
0.00020040001	1.88	0	0
0.0002006	1.88	0	0
0.0002008	1.88	0	0
0.000201	1.88	0	0
0.0002012	1.92	0	0
0.00020140001	1.88	0	0
0.00020160001	1.86	0	0
0.00020180001	1.88	0	0
0.00020200001	1.86	0	0
0.00020220001	1.88	0	0
0.00020240001	1.88	0	0
0.0002026	1.86	0	0
0.0002028	1.9	0	0
0.000203	1.88	0	0
0.0002032	1.88	0	0
0.00020340001	1.88	0	0
0.00020360001	1.9	0	0
0.00020380001	1.86	0	0
0.00020400001	1.86	0	0
0.00020420001	1.88	0	0
0.0002044	1.88	0	0
0.0002046	1.88	0	0
0.0002048	1.84	0	0
0.000205	1.88	0	0
0.00020520001	1.86	0	0
0.00020540001	1.88	0	0
0.00020560001	1.88	0	0
0.00020580001	1.88	0	0
0.00020600001	1.88	0	0
0.00020620001	1.88	0	0
0.0002064	1.9	0	0
0.0002066	1.88	0	0
0.0002068	1.9	0	0
0.000207	1.86	0	0
0.00020720001	1.88	0	0
0.00020740001	1.88	0	0
0.00020760001	1.88	0	0
0.00020780001	1.9	0	0
0.00020800001	1.9	0	0
0.0002082	1.9	0	0
0.0002084	1.88	0	0
0.0002086	1.9	0	0
0.0002088	1.9	0	0
0.00020900001	1.9	0	0
0.00020920001	1.86	0	0
0.00020940001	1.9	0	0
0.00020960001	1.88	0	0
0.00020980001	1.9	0	0
0.00021000001	1.9	0	0
0.0002102	1.88	0	0
0.0002104	1.86	0	0
0.0002106	1.88	0	0
0.0002108	1.88	0	0
0.00021100001	1.9	0	0
0.00021120001	1.86	0	0
0.00021140001	1.88	0	0
0.00021160001	1.88	0	0
0.00021180001	1.88	0	0
0.000212	1.86	0	0
0.0002122	1.88	0	0
0.0002124	1.88	0	0
0.0002126	1.9	0	0
0.00021280001	1.88	0	0
0.00021300001	1.88	0	0
0.00021320001	1.86	0	0
0.00021340001	1.88	0	0
0.00021360001	1.88	0	0
0.00021380001	1.86	0	0
0.000214	1.88	0	0
0.0002142	1.86	0	0
0.0002144	1.88	0	0
0.0002146	1.9	0	0
0.00021480001	1.88	0	0
0.00021500001	1.9	0	0
0.00021520001	1.88	0	0
0.00021540001	1.88	0	0
0.00021560001	1.88	0	0
0.00021580001	1.9	0	0
0.000216	1.88	0	0
0.0002162	1.9	0	0
0.0002164	1.86	0	0
0.0002166	1.88	0	0
0.00021680001	1.88	0	0
0.00021700001	1.86	0	0
0.00021720001	1.86	0	0
0.00021740001	1.9	0	0
0.00021760001	1.88	0	0
0.0002178	1.88	0	0
0.000218	1.88	0	0
0.0002182	1.86	0	0
0.0002184	1.88	0	0
0.00021860001	1.88	0	0
0.00021880001	1.88	0	0
0.00021900001	1.86	0	0
0.00021920001	1.86	0	0
0.00021940001	1.86	0	0
0.00021960001	1.88	0	0
0.0002198	1.88	0	0
0.00022	1.88	0	0
0.0002202	1.86	0	0
0.0002204	1.86	0	0
0.00022060001	1.86	0	0
0.00022080001	1.88	0	0
0.00022100001	1.86	0	0
0.00022120001	1.9	0	0
0.00022140001	1.86	0	0
0.0002216	1.86	0	0
0.0002218	1.88	0	0
0.000222	1.88	0	0
0.0002222	1.88	0	0
0.00022240001	1.86	0	0
0.00022260001	1.86	0	0
0.00022280001	1.86	0	0
0.00022300001	1.88	0	0
0.00022320001	1.88	0	0
0.00022340001	1.88	0	0
0.0002236	1.86	0	0
0.0002238	1.86	0	0
0.000224	1.86	0	0
0.0002242	1.86	0	0
0.00022440001	1.86	0	0
0.00022460001	1.88	0	0
0.00022480001	1.86	0	0
0.00022500001	1.86	0	0
0.00022520001	1.88	0	0
0.0002254	1.86	0	0
0.0002256	1.9	0	0
0.0002258	1.86	0	0
0.000226	1.88	0	0
0.00022620001	1.86	0	0
0.00022640001	1.88	0	0
0.00022660001	1.88	0	0
0.00022680001	1.88	0	0
0.00022700001	1.88	0	0
0.00022720001	1.86	0	0
0.0002274	1.88	0	0
0.0002276	1.86	0	0
0.0002278	1.88	0	0
0.000228	1.86	0	0
0.00022820001	1.86	0	0
0.00022840001	1.9	0	0
0.00022860001	1.88	0	0
0.00022880001	1.86	0	0
0.00022900001	1.86	0	0
0.00022920001	1.88	0	0
0.0002294	1.86	0	0
0.0002296	1.88	0	0
0.0002298	1.86	0	0
0.00023000001	1.88	0	0
0.00023020001	1.86	0	0
0.00023040001	1.88	0	0
0.00023060001	1.88	0	0
0.00023080001	1.88	0	0
0.00023100001	1.88	0	0
0.0002312	1.88	0	0
0.0002314	1.86	0	0
0.0002316	1.86	0	0
0.0002318	1.84	0	0
0.00023200001	1.88	0	0
0.00023220001	1.86	0	0
0.00023240001	1.86	0	0
0.00023260001	1.86	0	0
0.00023280001	1.9	0	0
0.00023300001	1.86	0	0
0.0002332	1.86	0	0
0.0002334	1.88	0	0
0.0002336	1.86	0	0
0.0002338	1.86	0	0
0.00023400001	1.86	0	0
0.00023420001	1.88	0	0
0.00023440001	1.88	0	0
0.00023460001	1.88	0	0
0.00023480001	1.86	0	0
0.000235	1.86	0	0
0.0002352	1.88	0	0
0.0002354	1.88	0	0
0.0002356	1.88	0	0
0.00023580001	1.88	0	0
0.00023600001	1.86	0	0
0.00023620001	1.88	0	0
0.00023640001	1.86	0	0
0.00023660001	1.84	0	0
0.00023680001	1.88	0	0
0.000237	1.86	0	0
0.0002372	1.88	0	0
0.0002374	1.86	0	0
0.0002376	1.88	0	0
0.00023780001	1.88	0	0
0.00023800001	1.88	0	0
0.00023820001	1.86	0	0
0.00023840001	1.88	0	0
0.00023860001	1.88	0	0
0.0002388	1.88	0	0
0.000239	1.88	0	0
0.0002392	1.84	0	0
0.0002394	1.88	0	0
0.00023960001	1.86	0	0
0.00023980001	1.88	0	0
0.00024000001	1.86	0	0
0.00024020001	1.86	0	0
0.00024040001	1.86	0	0
0.00024060001	1.86	0	0
0.0002408	1.9	0	0
0.000241	1.86	0	0
0.0002412	1.86	0	0
0.0002414	1.86	0	0
0.00024160001	1.86	0	0
0.00024180001	1.88	0	0
0.00024200001	1.86	0	0
0.00024220001	1.88	0	0
0.00024240001	1.84	0	0
0.00024260001	1.88	0	0
0.0002428	1.86	0	0
0.000243	1.88	0	0
0.0002432	1.88	0	0
0.00024340001	1.86	0	0
0.00024360001	1.84	0	0
0.00024380001	1.86	0	0
0.00024400001	1.86	0	0
0.0002442	1.88	0	0
0.0002444	1.86	0	0
0.0002446	1.84	0	0
0.0002448	1.88	0	0
0.000245	1.88	0	0
0.0002452	1.86	0	0
0.00024540001	1.86	0	0
0.00024560001	1.86	0	0
0.00024580001	1.88	0	0
0.00024600001	1.86	0	0
0.00024620001	1.84	0	0
0.00024640001	1.88	0	0
0.00024660002	1.86	0	0
0.00024680002	1.88	0	0
0.00024700002	1.86	0	0
0.00024720002	1.86	0	0
0.00024739999	1.86	0	0
0.00024759999	1.86	0	0
0.0002478	1.86	0	0
0.000248	1.88	0	0
0.0002482	1.86	0	0
0.0002484	1.86	0	0
0.0002486	1.88	0	0
0.0002488	1.86	0	0
0.000249	1.88	0	0
0.00024920001	1.88	0	0
0.00024940001	1.88	0	0
0.00024960001	1.88	0	0
0.00024980001	1.86	0	0
0.00025000001	1.86	0	0
0.00025020001	1.88	0	0
0.00025040001	1.88	0	0
0.00025060002	1.88	0	0
0.00025080002	1.88	0	0
0.00025100002	1.9	0	0
0.00025120002	1.88	0	0
0.00025139999	1.84	0	0
0.00025159999	1.86	0	0
0.0002518	1.88	0	0
0.000252	1.86	0	0
0.0002522	1.86	0	0
0.0002524	1.88	0	0
0.0002526	1.86	0	0
0.0002528	1.88	0	0
0.00025300001	1.88	0	0
0.00025320001	1.86	0	0
0.00025340001	1.86	0	0
0.00025360001	1.86	0	0
0.00025380001	1.88	0	0
0.00025400001	1.86	0	0
0.00025420001	1.88	0	0
0.00025440002	1.88	0	0
0.00025460002	1.86	0	0
0.00025480002	1.86	0	0
0.00025500002	1.86	0	0
0.00025519999	1.86	0	0
0.00025539999	1.86	0	0
0.0002556	1.86	0	0
0.0002558	1.88	0	0
0.000256	1.86	0	0
0.0002562	1.9	0	0
0.0002564	1.86	0	0
0.0002566	1.88	0	0
0.00025680001	1.88	0	0
0.00025700001	1.86	0	0
0.00025720001	1.88	0	0