-0.01799999995
-0.01999999995
-0.02099999995
-0.019999999950000003
-0.018999999950000002
-0.0219999999
-0.0219999999
-0.0219999999
-0.0219999999
-0.0209999999
-0.0209999999
-0.0209999999
-0.018999999950000002
-0.01899999995
-0.02099999995
-0.02099999995
-0.022999999950000002
-0.02599999985
-0.02599999985
-0.024999999850000006
-0.024999999850000003
-0.02499999985
-0.02499999985
-0.02599999985
-0.02699999985
-0.025999999900000004
-0.025999999900000004
-0.026999999900000002
-0.027999999900000003
-0.028999999900000004
-0.026999999900000002
-0.027999999900000003
-0.026999999900000002
-0.026999999900000005
-0.024999999900000004
-0.025999999900000004
-0.023999999900000003
-0.021
-0.021
-0.022000000000000002
-0.021
-0.020000000000000004
-0.020000000000000004
-0.019000000000000003
-0.019000000000000003
-0.018
-0.018
-0.016
-0.016999999999999998
-0.016999999999999998
-0.018
-0.019000000000000003
-0.021
-0.022000000000000006
-0.022000000000000006
-0.022000000000000006
-0.023000000000000003
-0.023000000000000003
-0.024
-0.023
-0.024
-0.024
-0.023999999999999997
-0.024999999999999994
-0.024999999999999994
-0.025999999999999995
-0.026000000000000002
-0.027999999999999997
-0.026999999999999996
-0.027999999999999997
-0.028999999999999998
-0.02999999995
-0.02899999995
-0.02899999995
-0.02999999995
-0.02999999995
-0.02899999995
-0.02899999995
-0.02899999995
-0.02899999995
-0.02899999995
-0.02999999995
-0.02899999995
-0.029999999949999995
-0.02899999995
-0.02799999995
-0.02799999995
-0.02699999995
-0.02699999995
-0.025999999950000005
-0.024999999950000004
-0.024
-0.024
-0.022
-0.022
-0.020999999999999998
-0.022
-0.022
-0.022
-0.022
-0.023
-0.022
-0.023
-0.023000000000000003
-0.023000000000000003
-0.024999999950000004
-0.024999999950000004
-0.024999999950000004
-0.024999999950000004
-0.02499999995
-0.025999999949999998
-0.025999999949999998
-0.025999999949999998
-0.02699999995
-0.02799999995
-0.02799999995
-0.030999999850000005
-0.030999999850000005
-0.030999999850000005
-0.030999999850000005
-0.029999999850000004
-0.030999999850000005
-0.03099999985
-0.029999999850000004
-0.029999999850000004
-0.026999999900000002
-0.026999999900000002
-0.026999999900000002
-0.026999999900000002
-0.027999999900000003
-0.028999999850000003
-0.027999999850000002
-0.026999999849999998
-0.02599999985
-0.024999999850000003
-0.02499999985
-0.02099999995
-0.02199999995
-0.022999999950000002
-0.022999999950000002
-0.02399999995
-0.023999999950000003
-0.02099999995
-0.02199999995
-0.022999999950000002
-0.023999999950000003
-0.023999999950000003
-0.023999999950000003
-0.023999999950000003
-0.02199999995
-0.02
-0.019999999999999997
-0.020999999999999998
-0.020999999999999998
-0.022
-0.022
-0.022
-0.022000000000000002
-0.020000000000000004
-0.020000000000000004
-0.020000000000000004
-0.02099999995
-0.022999999950000002
-0.0239999999
-0.0229999999
-0.022999999900000002
-0.022999999900000002
-0.0239999999
-0.0239999999
-0.025999999899999994
-0.02799999985
-0.02899999985
-0.029999999849999993
-0.03299999979999999
-0.0329999998
-0.03399999980000001
-0.0359999998
-0.03599999980000001
-0.03699999980000001
-0.03699999980000001
-0.03599999980000001
-0.03299999985
-0.03299999985000001
-0.029999999900000008
-0.028999999900000007
-0.028999999900000007
-0.027999999900000003
-0.026999999900000002
-0.026999999900000002
-0.0259999999
-0.024999999949999997
-0.023999999949999996
-0.02199999995
-0.020000000000000004
-0.019000000000000003
-0.016999999999999998
-0.015
-0.014000000000000002
-0.013000000000000001
-0.013000000000000001
-0.013000000000000001
-0.014000000000000002
-0.015000000000000003
-0.01799999995
-0.018999999950000002
-0.01799999995
-0.018999999950000002
-0.01799999995
-0.01799999995
-0.01699999995
-0.01599999995
-0.01599999995
-0.01599999995
-0.014999999949999999
-0.013999999950000001
-0.01599999995
-0.01799999995
-0.01799999995
-0.01799999995
-0.01699999995
-0.01699999995
-0.01799999995
-0.01699999995
-0.015999999999999997
-0.017
-0.018
-0.016
-0.016999999999999998
-0.015
-0.015999999999999997
-0.014999999999999998
-0.013999999999999999
-0.015
-0.016999999999999998
-0.018
-0.016999999999999998
-0.015
-0.014000000000000002
-0.016
-0.016999999999999998
-0.017
-0.015
-0.014000000000000002
-0.013000000000000001
-0.012
-0.011000000000000003
-0.012000000000000002
-0.011000000000000003
-0.012000000000000002
-0.013000000000000001
-0.014000000000000002
-0.014000000000000002
-0.014000000000000002
-0.012000000000000002
-0.013000000000000001
-0.013000000000000001
-0.014000000000000002
-0.014000000000000002
-0.013000000000000001
-0.012
-0.011000000000000003
-0.011000000000000003
-0.013999999950000001
-0.013999999950000001
-0.012999999950000002
-0.013999999950000003
-0.014999999950000002
-0.015999999950000003
-0.01699999995
-0.01599999995
-0.01599999995
-0.01799999995
-0.017999999949999998
-0.01999999995
-0.01799999995
-0.01799999995
-0.01699999995
-0.01799999995
-0.018999999950000002
-0.01999999995
-0.02099999995
-0.02199999995
-0.019999999999999997
-0.019999999999999997
-0.020999999999999998
-0.020999999999999998
-0.020999999999999998
-0.020999999999999998
-0.020999999999999998
-0.022
-0.020999999999999998
-0.019000000000000003
-0.019000000000000003
-0.017
-0.018
-0.018
-0.019000000000000003
-0.019000000000000003
-0.019000000000000003
-0.020000000000000004
-0.019000000000000003
-0.020000000000000004
-0.021000000000000005
-0.022999999950000002
-0.022999999950000002
-0.022999999950000002
-0.022999999950000002
-0.022999999950000002
-0.023999999950000003
-0.022999999950000002
-0.02399999995
-0.02499999995
-0.024999999949999997
-0.024999999949999997
-0.026999999900000002
-0.026999999900000002
-0.0259999999
-0.025999999899999994
-0.0239999999
-0.0239999999
-0.0249999999
-0.0239999999
-0.0219999999
-0.018999999950000002
-0.01999999995
-0.01999999995
-0.01999999995
-0.01999999995
-0.01899999995
-0.01799999995
-0.01699999995
-0.01699999995
-0.01699999995
-0.017999999949999998
-0.016
-0.016
-0.016999999999999998
-0.016999999999999998
-0.018
-0.016999999999999998
-0.015000000000000003
-0.016000000000000004
-0.017
-0.019000000000000003
-0.018000000000000002
-0.018
-0.018
-0.018
-0.018
-0.019000000000000003
-0.019000000000000003
-0.016999999999999998
-0.016
-0.017
-0.016
-0.015
-0.015999999999999997
-0.016
-0.015000000000000003
-0.014000000000000002
-0.015999999999999997
-0.014999999999999998
-0.013999999999999999
-0.012
-0.013000000000000001
-0.013000000000000001
-0.013000000000000001
-0.013000000000000001
-0.012000000000000002
-0.012000000000000002
-0.014000000000000002
-0.016
-0.018
-0.017
-0.018
-0.019000000000000003
-0.016999999999999998
-0.016
-0.016999999999999998
-0.018
-0.018
-0.018
-0.019000000000000003
-0.021
-0.020000000000000004
-0.019000000000000003
-0.019000000000000003
-0.019000000000000003
-0.021
-0.021
-0.019000000000000003
-0.018
-0.015999999999999997
-0.01799999995
-0.018999999950000002
-0.018999999950000002
-0.018999999950000002
-0.019999999950000003
-0.01999999995
-0.02099999995
-0.022999999900000002
-0.02499999985
-0.02499999985
-0.02399999985
-0.023999999850000002
-0.024999999850000003
-0.02499999985
-0.02499999985
-0.02399999985
-0.022999999849999998
-0.02499999985
-0.02599999985
-0.027999999850000002
-0.026999999899999995
-0.0259999999
-0.0249999999
-0.0249999999
-0.023999999900000003
-0.0249999999
-0.024999999900000004
-0.023999999950000003
-0.022000000000000002
-0.023000000000000003
-0.023000000000000003
-0.023000000000000003
-0.022000000000000002
-0.022000000000000002
-0.023000000000000007
-0.022000000000000006
-0.023000000000000003
-0.021000000000000005
-0.022000000000000002
-0.021
-0.019000000000000003
-0.019
-0.020999999999999998
-0.020999999999999998
-0.020999999999999998
-0.020000000000000004
-0.019000000000000003
-0.018
-0.018
-0.016999999999999998
-0.018
-0.017
-0.018
-0.018
-0.017
-0.018
-0.018
-0.019000000000000003
-0.019000000000000003
-0.020000000000000004
-0.021
-0.022
-0.022000000000000006
-0.023000000000000003
-0.025
-0.026999999950000006
-0.02799999995
-0.02899999995
-0.02899999995
-0.02799999995
-0.02699999995
-0.02899999995
-0.0309999999
-0.0309999999
-0.0309999999
-0.0319999999
-0.0329999999
-0.0329999999
-0.0329999999
-0.0329999999
-0.0329999999
-0.0329999999
-0.0319999999
-0.0329999999
-0.0319999999
-0.030999999950000003
-0.02899999995
-0.02799999995
-0.02899999995
-0.030999999950000003
-0.030999999950000003
-0.02999999995
-0.029000000000000005
-0.028000000000000004
-0.02999999995
-0.02899999995
-0.026999999950000006
-0.025999999950000005
-0.023999999950000003
-0.022999999950000002
-0.022999999950000002
-0.02199999995
-0.02099999995
-0.01999999995
-0.01999999995
-0.01999999995
-0.02199999995
-0.023999999900000003
-0.022999999900000002
-0.0209999999
-0.0209999999
-0.0199999999
-0.0199999999
-0.0209999999
-0.01899999995
-0.01999999995
-0.02199999995
-0.022999999950000002
-0.024999999950000004
-0.027999999850000002
-0.027999999850000002
-0.02599999985
-0.02699999985
-0.02699999985
-0.027999999850000002
-0.027999999850000002
-0.02699999985
-0.025999999900000004
-0.025999999900000004
-0.026999999900000005
-0.026999999900000005
-0.027999999900000006
-0.026999999900000005
-0.027999999900000003
-0.026999999900000002
-0.0259999999
-0.0239999999
-0.0249999999
-0.0239999999
-0.021
-0.022000000000000002
-0.025
-0.025
-0.025
-0.025
-0.024000000000000004
-0.024
-0.023
-0.023
-0.023
-0.023
-0.022
-0.020999999999999998
-0.019999999999999997
-0.020999999999999998
-0.019999999999999997
-0.019999999999999997
-0.019
-0.02099999995
-0.02099999995
-0.02099999995
-0.019999999950000003
-0.019999999950000003
-0.020999999950000004
-0.02099999995
-0.02099999995
-0.0229999999
-0.0229999999
-0.0219999999
-0.022999999900000002
-0.022999999900000002
-0.0249999999
-0.0249999999
-0.024999999900000004
-0.024999999900000004
-0.025999999900000004
-0.026999999900000005
-0.026999999900000005
-0.02499999995
-0.02499999995
-0.02499999995
-0.025999999949999998
-0.025999999949999998
-0.024999999949999997
-0.02199999995
-0.02199999995
-0.019000000000000003
-0.019000000000000003
-0.019000000000000003
-0.016999999999999998
-0.015999999999999997
-0.013999999999999999
-0.015
-0.015
-0.015
-0.016
-0.015000000000000003
-0.014000000000000002
-0.015000000000000003
-0.016
-0.016
-0.015
-0.016
-0.016
-0.018
-0.019000000000000003
-0.021
-0.022000000000000006
-0.023000000000000003
-0.024
-0.025
-0.025
-0.025
-0.025
-0.026000000000000002
-0.026000000000000002
-0.027000000000000003
-0.027000000000000003
-0.027000000000000003
-0.026000000000000002
-0.023
-0.022000000000000006
-0.020000000000000004
-0.020000000000000004
-0.021000000000000005
-0.021000000000000005
-0.020000000000000004
-0.018
-0.018
-0.018
-0.018
-0.018
-0.019000000000000003
-0.019
-0.018
-0.018
-0.018
-0.018
-0.018
-0.016999999999999998
-0.019000000000000003
-0.021000000000000005
-0.021000000000000005
-0.021
-0.019000000000000003
-0.016999999999999998
-0.016999999999999998
-0.018
-0.018
-0.016999999999999998
-0.015999999999999997
-0.016999999999999998
-0.017
-0.017
-0.016999999999999998
-0.015
-0.015
-0.015
-0.014000000000000002
-0.015000000000000003
-0.014000000000000002
-0.013000000000000001
-0.014000000000000002
-0.013000000000000001
-0.013000000000000001
-0.015000000000000003
-0.014000000000000002
-0.013000000000000001
-0.012
-0.013000000000000001
-0.015
-0.015000000000000003
-0.014000000000000002
-0.015
-0.016
-0.016999999999999998
-0.016
-0.016999999999999998
-0.015999999999999997
-0.015999999999999997
-0.016999999999999998
-0.016999999999999998
-0.015999999999999997
-0.015
-0.015999999999999997
-0.014000000000000002
-0.014000000000000002
-0.015000000000000003
-0.015000000000000003
-0.015000000000000003
-0.014000000000000002
-0.014000000000000002
-0.014000000000000002
-0.013000000000000001
-0.012000000000000002
-0.012000000000000002
-0.012000000000000002
-0.011000000000000003
-0.011000000000000003
-0.011000000000000003
-0.011000000000000003
-0.012000000000000002
-0.013000000000000001
-0.015
-0.016
-0.018
-0.020000000000000004
-0.019000000000000003
-0.020000000000000004
-0.019000000000000003
-0.019000000000000003
-0.020000000000000004
-0.018
-0.018
-0.016999999999999998
-0.016999999999999998
-0.019000000000000003
-0.021
-0.022
-0.020000000000000004
-0.019000000000000003
-0.018
-0.017
-0.016999999999999998
-0.015
-0.015
-0.013000000000000001
-0.015
-0.014000000000000002
-0.014000000000000002
-0.014000000000000002
-0.014000000000000002
-0.016000000000000004
-0.015000000000000003
-0.014000000000000002
-0.014000000000000002
-0.013000000000000001
-0.012
-0.012
-0.013999999999999999
-0.015999999999999997
-0.015
-0.016
-0.015
-0.01799999995
-0.01699999995
-0.01799999995
-0.01699999995
-0.01699999995
-0.01799999995
-0.01799999995
-0.01699999995
-0.01699999995
-0.01699999995
-0.01899999995
-0.017999999949999998
-0.01899999995
-0.01899999995
-0.017999999949999998
-0.01699999995
-0.014999999950000002
-0.014999999950000002
-0.014999999950000002
-0.014999999950000002
-0.014000000000000002
-0.013000000000000001
-0.013000000000000001
-0.012
-0.013000000000000001
-0.013000000000000001
-0.013000000000000001
-0.013000000000000001
-0.012999999999999998
-0.014999999999999998
-0.015
-0.016
-0.014000000000000002
-0.013000000000000001
-0.014000000000000002
-0.015
-0.017
-0.018
-0.017
-0.018
-0.016999999999999998
-0.019000000000000003
-0.020000000000000004
-0.020000000000000004
-0.021000000000000005
-0.022000000000000006
-0.022000000000000006
-0.023999999950000003
-0.023999999950000003
-0.02099999995
-0.02099999995
-0.01999999995
-0.02199999995
-0.022999999950000002
-0.023999999950000003
-0.02399999995
-0.023999999950000003
-0.023999999950000003
-0.024999999950000004
-0.026999999900000002
-0.02899999985
-0.028999999850000003
-0.027999999850000002
-0.028999999850000003
-0.027999999850000002
-0.027999999850000002
-0.027999999850000002
-0.026999999900000005
-0.028999999850000003
-0.029999999850000004
-0.029999999850000004
-0.030999999850000005
-0.031999999800000005
-0.031999999800000005
-0.0309999998
-0.0309999998
-0.0299999998
-0.0299999998
-0.0309999998
-0.02899999985
-0.026999999900000002
-0.0259999999
-0.026999999899999995
-0.026999999899999995
-0.026999999900000002
-0.0259999999
-0.026999999900000002
-0.0259999999
-0.022999999950000002
-0.023999999950000003
-0.023999999950000003
-0.023999999950000003
-0.023
-0.024
-0.025
-0.026000000000000002
-0.026000000000000002
-0.027999999950000007
-0.026999999950000006
-0.026999999950000006
-0.026999999950000006
-0.025999999950000005
-0.024999999950000004
-0.025999999949999998
-0.025999999949999998
-0.025999999949999998
-0.025999999949999998
-0.02499999995
-0.02699999995
-0.025999999949999998
-0.025999999950000005
-0.02699999995
-0.025999999949999998
-0.024999999950000004
-0.023999999950000003
-0.022999999950000002
-0.02299999995
-0.020999999999999998
-0.020999999999999998
-0.022
-0.020999999999999998
-0.020999999999999998
-0.021
-0.02
-0.02
-0.021
-0.021000000000000005
-0.023000000000000003
-0.023000000000000007
-0.025
-0.026000000000000002
-0.026000000000000002
-0.027000000000000003
-0.028000000000000004
-0.028000000000000004
-0.028000000000000004
-0.028000000000000004
-0.028000000000000004
-0.028000000000000004
-0.026000000000000002
-0.027000000000000003
-0.028000000000000004
-0.028000000000000004
-0.027000000000000003
-0.027999999999999997
-0.025999999999999995
-0.025999999999999995
-0.025999999999999995
-0.024
-0.023000000000000003
-0.021000000000000005
-0.020000000000000004
-0.019000000000000003
-0.019000000000000003
-0.018
-0.018
-0.016999999999999998
-0.016999999999999998
-0.018
-0.020000000000000004
-0.020000000000000004
-0.02
-0.02
-0.020999999999999998
-0.021
-0.023
-0.022
-0.022
-0.02499999995
-0.024999999950000004
-0.025999999950000005
-0.027999999900000003
-0.027999999899999996
-0.026999999900000002
-0.027999999900000003
-0.027999999900000006
-0.028999999900000007
-0.029999999899999998
-0.028999999899999997
-0.027999999899999996
-0.027999999899999996
-0.028999999899999997
-0.028999999899999997
-0.028999999899999997
-0.026999999900000002
-0.026999999900000002
-0.026999999900000002
-0.0259999999
-0.023999999950000003
-0.02499999995
-0.02499999995
-0.024
-0.024
-0.024999999999999998
-0.026000000000000002
-0.025
-0.026000000000000002
-0.025
-0.025
-0.025
-0.025
-0.023
-0.023
-0.023
-0.024
-0.023
-0.022
-0.022
-0.020999999999999998
-0.019999999999999997
-0.021
-0.019000000000000003
-0.019000000000000003
-0.018
-0.016
-0.016999999999999998
-0.016999999999999998
-0.016999999999999998
-0.018999999950000002
-0.018999999950000002
-0.01799999995
-0.019999999950000003
-0.01999999995
-0.0219999999
-0.023999999850000002
-0.025999999799999996
-0.027999999799999998
-0.0289999998
-0.0299999998
-0.0309999998
-0.0299999998
-0.0309999998
-0.031999999800000005
-0.031999999800000005
-0.03399999980000001
-0.032999999800000006
-0.0309999998
-0.0309999998
-0.028999999850000003
-0.028999999850000003
-0.031999999800000005
-0.0299999998
-0.0289999998
-0.02599999985
-0.0229999999
-0.02099999995
-0.01999999995
-0.01899999995
-0.018999999950000002
-0.01699999995
-0.01699999995
-0.01799999995
-0.01699999995
-0.014999999949999999
-0.013999999950000001
-0.01599999995
-0.01699999995
-0.01699999995
-0.01799999995
-0.018999999950000002
-0.018
-0.018
-0.019000000000000003
-0.020000000000000004
-0.022000000000000002
-0.022
-0.022
-0.021
-0.021
-0.022
-0.022
-0.021000000000000005
-0.02
-0.020999999999999998
-0.02
-0.019000000000000003
-0.019000000000000003
-0.020000000000000004
-0.020000000000000004
-0.019000000000000003
-0.019000000000000003
-0.020000000000000004
-0.021000000000000005
-0.020000000000000004
-0.020000000000000004
-0.020000000000000004
-0.020000000000000004
-0.021000000000000005
-0.021
-0.020000000000000004
-0.021000000000000005
-0.022000000000000006
-0.023000000000000007
-0.024000000000000004
-0.024000000000000004
-0.024
-0.024
-0.023
-0.022
-0.022
-0.02
-0.02
-0.019
-0.019999999999999997
-0.018
-0.018
-0.018
-0.016999999999999998
-0.016999999999999998
-0.018
-0.016999999999999998
-0.017
-0.016
-0.017
-0.017
-0.016
-0.016
-0.017
-0.016000000000000004
-0.015000000000000003
-0.016
-0.016
-0.017
-0.018
-0.019000000000000003
-0.019000000000000003
-0.02099999995
-0.02099999995
-0.02099999995
-0.02099999995
-0.01999999995
-0.01899999995
-0.02099999995
-0.01999999995
-0.01999999995
-0.01999999995
-0.01899999995
-0.01699999995
-0.01799999995
-0.01999999995
-0.018999999950000002
-0.01899999995
-0.01799999995
-0.01699999995
-0.016999999949999997
-0.01699999995
-0.015000000000000003
-0.015000000000000003
-0.015000000000000003
-0.015000000000000003
-0.017
-0.017
-0.016
-0.015000000000000003
-0.017
-0.018
-0.019000000000000003
-0.021000000000000005
-0.022999999950000002
-0.02199999995
-0.022999999950000002
-0.022999999950000002
-0.022999999950000002
-0.022999999950000002
-0.022999999950000002
-0.023999999950000003
-0.023999999950000003
-0.024999999950000004
-0.024999999950000004
-0.026999999900000005
-0.0239999999
-0.0229999999
-0.021999999899999997
-0.0229999999
-0.0219999999
-0.0219999999
-0.0219999999
-0.0219999999
-0.01999999995
-0.02099999995
-0.02099999995
-0.01999999995
-0.01799999995
-0.018999999950000002
-0.018999999950000002
-0.01699999995
-0.014999999950000002
-0.014999999950000002
-0.014999999950000002
-0.013000000000000001
-0.013999999999999999
-0.015
-0.016999999999999998
-0.016999999999999998
-0.015999999999999997
-0.014999999999999998
-0.015999999999999997
-0.015
-0.014000000000000002
-0.013000000000000001
-0.013000000000000001
-0.013000000000000001
-0.013000000000000001
-0.012000000000000002
-0.012000000000000002
-0.012000000000000002
-0.014000000000000002
-0.015000000000000003
-0.014000000000000002
-0.014000000000000002
-0.015000000000000003
-0.015
-0.013999999999999999
-0.014000000000000002
-0.014000000000000002
-0.015
-0.015
-0.016
-0.016
-0.016
-0.016
-0.018000000000000002
-0.020000000000000004
-0.021
-0.022000000000000006
-0.024
-0.023
-0.022000000000000006
-0.023000000000000003
-0.023000000000000003
-0.023000000000000003
-0.023000000000000003
-0.022000000000000002
-0.022000000000000002
-0.023
-0.023
-0.021000000000000005
-0.02
-0.022
-0.022
-0.020999999999999998
-0.02
-0.019000000000000003
-0.019000000000000003
-0.018
-0.016
-0.016
-0.016
-0.017
-0.016999999999999998
-0.016999999999999998
-0.015999999999999997
-0.016999999999999998
-0.016999999999999998
-0.016999999999999998
-0.016999999999999998
-0.018
-0.018
-0.014000000000000002
-0.0090000001
-0.004000000400000001
0.002999999599999999
0.0109999996
0.0229999991
0.034999999100000005
0.0479999986
0.0639999981
0.08099999760000001
0.10099999660000002
0.12299999595000002
0.14799999540000003
0.17299999540000002
0.20199999550000003
0.2299999936
0.25999999275
0.29099999095
0.32399999025000004
0.35899999060000004
0.39099999095
0.42299998950000006
0.4549999903
0.4859999908
0.5159999903
0.5449999893499999
0.57399998695
0.6009999850500001
0.62499998315
0.6499999833000001
0.6739999830000001
0.6959999814000001
0.7149999797000001
0.7339999794500001
0.7519999772000001
0.7699999779000001
0.7869999766000001
0.8039999783000001
0.8189999789
0.8329999775
0.8469999761000001
0.8589999766
0.8709999740500001
0.8829999715
0.8949999720000001
0.90699997345
0.9179999758499999
0.9299999782499999
0.94199998065
0.952999981
0.9639999823000001
0.97399998455
0.9839999868
0.99399998705
1.0019999892000002
1.0119999904
1.02099999255
1.02899999265
1.03799999275
1.0449999938
1.0529999948500002
1.0609999959000003
1.0679999979500001
1.0760000000000003
1.084
1.091
1.0970000000000002
1.1030000000000002
1.1080000000000003
1.115
1.1219999999999999
1.1280000000000001
1.135
1.141
1.1480000000000001
1.153
1.158
1.1640000000000001
1.1690000000000003
1.176
1.1820000000000002
1.188
1.1940000000000002
1.1990000000000003
1.2030000000000003
1.207
1.2140000000000002
1.219
1.225
1.23
1.235
1.241
1.2440000000000002
1.2480000000000002
1.25
1.2560000000000002
1.2620000000000002
1.266
1.2690000000000001
1.2730000000000001
1.2760000000000002
1.2790000000000001
1.2830000000000004
1.2880000000000003
1.2930000000000001
1.2990000000000002
1.302
1.306
1.3100000000000003
1.314
1.317
1.3210000000000002
1.326
1.328
1.334
1.337
1.339
1.3419999999999999
1.3469999999999998
1.349
1.354
1.3579999999999999
1.361
1.363
1.366
1.368
1.3710000000000002
1.375
1.379
1.3810000000000002
1.3830000000000002
1.3860000000000001
1.3890000000000002
1.393
1.3940000000000001
1.3960000000000001
1.4000000000000001
1.4030000000000002
1.4050000000000002
1.409
1.411
1.415
1.4180000000000001
1.421
1.424
1.4269999999999998
1.43
1.4320000000000002
1.4340000000000002
1.437
1.4400000000000002
1.4410000000000003
1.4440000000000002
1.4470000000000003
1.4510000000000005
1.4550000000000003
1.4580000000000002
1.4600000000000002
1.463
1.465
1.468
1.47
1.4720000000000002
1.4750000000000003
1.4770000000000003
1.4780000000000002
1.4800000000000002
1.4820000000000002
1.4830000000000003
1.486
1.489
1.493
1.495
1.4980000000000002
1.5010000000000001
1.5030000000000001
1.5030000000000001
1.507
1.509
1.5099999999999998
1.5119999999999998
1.513
1.516
1.5179999999999998
1.521
1.525
1.5270000000000001
1.5300000000000002
1.5350000000000001
1.536
1.5380000000000003
1.5390000000000001
1.5400000000000003
1.5430000000000001
1.5440000000000003
1.5450000000000002
1.5480000000000005
1.5500000000000005
1.5530000000000002
1.556
1.5570000000000002
1.5610000000000002
1.5630000000000002
1.5650000000000004
1.566
1.5670000000000002
1.5690000000000002
1.5700000000000003
1.5700000000000003
1.572
1.574
1.5750000000000002
1.5780000000000003
1.579
1.582
1.582
1.5830000000000002
1.584
1.586
1.5899999999999999
1.592
1.593
1.594
1.595
1.596
1.598
1.5990000000000002
1.601
1.602
1.6030000000000002
1.604
1.6059999999999999
1.6059999999999999
1.6079999999999999
1.609
1.612
1.614
1.615
1.6160000000000005
1.6170000000000002
1.6200000000000003
1.6210000000000002
1.6230000000000004
1.625
1.6270000000000004
1.6280000000000001
1.6310000000000002
1.6320000000000001
1.6340000000000003
1.6360000000000003
1.6380000000000003
1.6410000000000005
1.6440000000000001
1.6440000000000001
1.6450000000000005
1.647
1.6490000000000002
1.6520000000000001
1.6530000000000002
1.654
1.6549999999999998
1.656
1.657
1.659
1.661
1.662
1.662
1.6640000000000001
1.6660000000000001
1.6670000000000003
1.6680000000000001
1.6689999999999998
1.67
1.6710000000000003
1.672
1.6729999999999998
1.6729999999999998
1.675
1.676
1.677
1.676
1.677
1.6780000000000002
1.679
1.6799999999999997
1.681
1.6829999999999998
1.6849999999999998
1.686
1.689
1.6889999999999998
1.69
1.69
1.692
1.693
1.693
1.6960000000000002
1.6960000000000002
1.6979999999999997
1.6979999999999997
1.7009999999999998
1.702
1.7030000000000003
1.704
1.7049999999999998
1.708
1.7090000000000005
1.7100000000000002
1.711
1.7120000000000002
1.7149999999999999
1.7149999999999999
1.7170000000000003
1.718
1.7190000000000003
1.721
1.721
1.7200000000000004
1.7220000000000004
1.7240000000000002
1.7240000000000002
1.7270000000000003
1.729
1.7300000000000002
1.7300000000000002
1.7300000000000002
1.7310000000000003
1.7310000000000003
1.7320000000000002
1.7329999999999999
1.7329999999999999
1.734
1.734
1.736
1.7380000000000004
1.7400000000000002
1.7420000000000002
1.7460000000000002
1.7460000000000002
1.7469999999999999
1.7490000000000003
1.75
1.752
1.752
1.754
1.756
1.756
1.7570000000000001
1.758
1.758
1.7590000000000001
1.7610000000000001
1.7640000000000002
1.765
1.766
1.766
1.7659999999999998
1.765
1.766
1.7670000000000003
1.769
1.769
1.77
1.7729999999999997
1.7730000000000001
1.7730000000000001
1.7750000000000001
1.7770000000000001
1.7780000000000002
1.7800000000000002
1.7810000000000004
1.7800000000000002
1.7800000000000002
1.7790000000000004
1.7790000000000004
1.7800000000000005
1.782
1.7840000000000005
1.786
1.787
1.787
1.788
1.7880000000000003
1.7880000000000003
1.7910000000000004
1.7920000000000003
1.7930000000000001
1.7940000000000003
1.7950000000000004
1.7960000000000003
1.7970000000000004
1.7990000000000004
1.8010000000000002
1.8040000000000003
1.8060000000000003
1.8080000000000003
1.8090000000000004
1.8090000000000004
1.8090000000000004
1.8090000000000004
1.8090000000000004
1.8090000000000004
1.8100000000000003
1.8100000000000003
1.8090000000000004
1.8100000000000003
1.8120000000000003
1.8120000000000003
1.8130000000000004
1.8130000000000004
1.8130000000000004
1.815
1.815
1.814
1.8130000000000004
1.8130000000000004
1.8130000000000004
1.814
1.814
1.815
1.816
1.818
1.8170000000000002
1.8190000000000002
1.8210000000000002
1.8200000000000003
1.8200000000000003
1.8200000000000003
1.8200000000000003
1.8210000000000002
1.822
1.8210000000000002
1.822
1.8240000000000003
1.8250000000000002
1.8250000000000002
1.8260000000000003
1.827
1.827
1.8270000000000004
1.8270000000000004
1.8259999999999998
1.8280000000000003
1.8280000000000003
1.8280000000000003
1.83
1.83
1.8310000000000004
1.834
1.834
1.836
1.8369999999999997
1.8390000000000002
1.8399999999999999
1.8419999999999999
1.843
1.843
1.8439999999999999
1.8459999999999999
1.8479999999999999
1.851
1.8530000000000002
1.854
1.854
1.8549999999999998
1.8559999999999999
1.8559999999999999
1.8570000000000002
1.8559999999999999
1.8579999999999999
1.8589999999999998
1.8589999999999998
1.8570000000000002
1.8570000000000002
1.8559999999999999
1.8570000000000002
1.8570000000000002
1.8559999999999999
1.8559999999999999
1.8570000000000002
1.8559999999999999
1.8549999999999998
1.8559999999999999
1.8570000000000002
1.8579999999999999
1.8579999999999999
1.8589999999999998
1.8589999999999998
1.8599999999999999
1.8579999999999999
1.8559999999999999
1.8570000000000002
1.8599999999999999
1.861
1.8619999999999999
1.8619999999999999
1.8619999999999999
1.864
1.864
1.863
1.864
1.8659999999999997
1.865
1.865
1.8639999999999999
1.8659999999999997
1.8659999999999997
1.8669999999999995
1.8659999999999997
1.868
1.8699999999999997
1.8709999999999998
1.8689999999999998
1.8689999999999998
1.8699999999999997
1.8699999999999997
1.8709999999999998
1.8699999999999997
1.8689999999999998
1.8699999999999997
1.8699999999999997
1.8689999999999998
1.8679999999999997
1.868
1.868
1.8659999999999997
1.8659999999999997
1.8659999999999997
1.8659999999999997
1.865
1.8639999999999999
1.8639999999999999
1.865
1.865
1.8639999999999999
1.8659999999999997
1.8669999999999995
1.8679999999999997
1.8699999999999997
1.8689999999999998
1.8699999999999997
1.8709999999999998
1.8739999999999997
1.8749999999999998
1.8769999999999998
1.879
1.88
1.88
1.8809999999999996
1.883
1.883
1.883
1.883
1.8839999999999997
1.8860000000000001
1.8849999999999998
1.8849999999999998
1.8849999999999998
1.8850000000000002
1.8869999999999998
1.8869999999999998
1.8869999999999998
1.8860000000000001
1.8860000000000001
1.8840000000000001
1.883
1.8839999999999997
1.8839999999999997
1.8839999999999997
1.883
1.883
1.883
1.8839999999999997
1.8839999999999997
1.8839999999999997
1.883
1.883
1.883
1.8839999999999997
1.883
1.8820000000000001
1.8820000000000001
1.8820000000000001
1.8820000000000001
1.8839999999999997
1.8839999999999997
1.883
1.883
1.883
1.883
1.8849999999999996
1.8849999999999996
1.8839999999999997
1.8829999999999996
1.8819999999999997
1.883
1.883
1.8839999999999997
1.8839999999999997
1.8829999999999996
1.8829999999999996
1.8839999999999997
1.8849999999999998
1.8860000000000001
1.8860000000000001
1.8860000000000001
1.8869999999999998
1.8869999999999998
1.888
1.8879999999999997
1.8879999999999997
1.8879999999999997
1.8889999999999998
1.8889999999999998
1.89
1.8909999999999998
1.8909999999999998
1.89
1.891
1.893
1.894
1.893
1.8920000000000003
1.891
1.8909999999999998
1.8909999999999998
1.8909999999999998
1.8909999999999998
1.8890000000000002
1.89
1.89
1.89
1.8889999999999998
1.8909999999999998
1.8909999999999998
1.8909999999999998
1.893
1.894
1.892
1.892
1.892
1.892
1.893
1.895
1.895
1.896
1.896
1.897
1.9000000000000001
1.9000000000000001
1.9000000000000001
1.9009999999999998
1.9020000000000001
1.9000000000000001
1.9000000000000001
1.9000000000000001
1.8990000000000002
1.8979999999999997
1.9000000000000001
1.9000000000000001
1.9000000000000001
1.9009999999999998
1.9009999999999998
1.9000000000000001
1.9000000000000001
1.9000000000000001
1.9000000000000001
1.9010000000000002
1.9000000000000001
1.9000000000000001
1.9000000000000001
1.9000000000000001
1.9000000000000001
1.9020000000000004
1.9010000000000002
1.9009999999999998
1.9000000000000001
1.9009999999999998
1.9000000000000001
1.899
1.9000000000000001
1.9000000000000001
1.9000000000000001
1.8999999999999997
1.8989999999999996
1.899
1.899
1.897
1.897
1.897
1.8980000000000006
1.8980000000000001
1.8979999999999997
1.897
1.8980000000000001
1.8979999999999997
1.899
1.8990000000000002
1.8990000000000002
1.9000000000000001
1.899
1.9000000000000001
1.9010000000000002
1.9010000000000002
1.9009999999999998
1.9000000000000001
1.8990000000000002
1.8990000000000002
1.9009999999999998
1.9000000000000001
1.899
1.899
1.8979999999999997
1.8979999999999997
1.8989999999999996
1.8989999999999996
1.9000000000000001
1.9000000000000001
1.9000000000000001
1.9000000000000001
1.8999999999999997
1.8989999999999996
1.8979999999999997
1.8979999999999997
1.8979999999999997
1.8990000000000002
1.9000000000000001
1.9009999999999998
1.8979999999999997
1.8979999999999997
1.897
1.897
1.897
1.897
1.896
1.8960000000000001
1.8949999999999996
1.894
1.894
1.894
1.894
1.893
1.893
1.893
1.894
1.894
1.893
1.893
1.8940000000000001
1.894
1.894
1.894
1.8950000000000005
1.893
1.892
1.8940000000000001
1.8930000000000005
1.894
1.893
1.894
1.894
1.894
1.894
1.894
1.893
1.892
1.892
1.8920000000000003
1.89
1.8909999999999998
1.8919999999999995
1.892
1.892
1.8929999999999998
1.894
1.8920000000000003
1.893
1.892
1.892
1.89
1.89
1.8909999999999998
1.8920000000000003
1.8920000000000003
1.894
1.8960000000000001
1.897
1.8960000000000001
1.8980000000000001
1.8990000000000002
1.8979999999999997
1.8979999999999997
1.897
1.897
1.897
1.896
1.8949999999999996
1.896
1.8960000000000001
1.897
1.897
1.896
1.8949999999999996
1.894
1.892
1.89
1.89
1.8909999999999998
1.892
1.89
1.89
1.8890000000000002
1.891
1.8920000000000003
1.8920000000000003
1.893
1.894
1.894
1.894
1.8929999999999998
1.892
1.8920000000000003
1.8909999999999998
1.892
1.893
1.8949999999999996
1.894
1.8929999999999998
1.893
1.894
1.895
1.895
1.894
1.894
1.894
1.893
1.892
1.8920000000000003
1.8920000000000003
1.893
1.893
1.8950000000000005
1.8960000000000001
1.8949999999999996
1.8949999999999996
1.894
1.895
1.896
1.8949999999999996
1.895
1.895
1.896
1.8949999999999996
1.895
1.895
1.8960000000000001
1.8980000000000001
1.8980000000000001
1.8990000000000002
1.8990000000000002
1.8979999999999997
1.8960000000000001
1.8960000000000001
1.897
1.897
1.896
1.897
1.8960000000000001
1.8960000000000001
1.8949999999999996
1.8949999999999996
1.8949999999999996
1.894
1.895
1.895
1.895
1.894
1.893
1.893
1.892
1.893
1.893
1.893
1.8919999999999995
1.8919999999999995
1.8919999999999995
1.89
1.8909999999999998
1.8909999999999998
1.8909999999999998
1.89
1.89
1.8909999999999998
1.89
1.89
1.8890000000000002
1.888
1.888
1.8860000000000001
1.8860000000000001
1.8869999999999998
1.8869999999999998
1.8859999999999997
1.8869999999999998
1.8860000000000001
1.8860000000000001
1.8869999999999998
1.8860000000000001
1.8839999999999997
1.8839999999999997
1.8840000000000001
1.883
1.8849999999999998
1.8839999999999997
1.8820000000000001
1.883
1.883
1.883
1.8849999999999998
1.8840000000000001
1.8820000000000001
1.8820000000000001
1.8820000000000001
1.881
1.881
1.881
1.88
1.8809999999999996
1.8819999999999995
1.8819999999999997
1.883
1.8849999999999998
1.8839999999999997
1.8860000000000001
1.8879999999999997
1.8869999999999998
1.8879999999999997
1.8879999999999997
1.8869999999999998
1.8879999999999997
1.8889999999999998
1.8890000000000002
1.89
1.8909999999999998
1.8919999999999995
1.8929999999999998
1.8929999999999998
1.8909999999999998
1.8909999999999998
1.892
1.8909999999999998
1.888
1.8849999999999998
1.8820000000000001
1.881
1.8809999999999996
1.88
1.8809999999999996
1.88
1.8809999999999996
1.8809999999999996
1.881
1.88
1.879
1.878
1.8769999999999998
1.876
1.876
1.8769999999999998
1.8769999999999998
1.8779999999999994
1.8789999999999996
1.8809999999999996
1.883
1.883
1.883
1.883
1.883
1.8839999999999997
1.883
1.8839999999999997
1.8849999999999998
1.8860000000000001
1.8860000000000001
1.8850000000000002
1.8850000000000002
1.8860000000000001
1.8869999999999998
1.8869999999999998
1.8869999999999998
1.8860000000000001
1.8849999999999996
1.8849999999999998
1.8840000000000001
1.8840000000000001
1.8840000000000001
1.8839999999999997
1.8839999999999997
1.8839999999999997
1.8849999999999996
1.8829999999999996
1.8819999999999995
1.8809999999999996
1.881
1.8820000000000001
1.8839999999999997
1.8839999999999997
1.883
1.8819999999999997
1.88
1.88
1.8809999999999996
1.88
1.8809999999999996
1.8809999999999996
1.8809999999999996
1.8809999999999996
1.8809999999999996
1.88
1.878
1.879
1.879
1.879
1.8769999999999998
1.8769999999999998
1.8739999999999997
1.8739999999999997
1.8749999999999998
1.8749999999999998
1.876
1.876
1.8769999999999998
1.8779999999999994
1.8779999999999994
1.8769999999999998
1.8769999999999998
1.8769999999999998
1.876
1.8779999999999994
1.88
1.8809999999999996
1.8809999999999996
1.8819999999999997
1.8849999999999998
1.8860000000000001
1.8860000000000001
1.8869999999999998
1.8869999999999998
1.888
1.8890000000000002
1.8890000000000002
1.8869999999999998
1.8870000000000002
1.8860000000000001
1.888
1.8869999999999998
1.8869999999999998
1.8869999999999998
1.8860000000000001
1.8839999999999997
1.883
1.883
1.8829999999999996
1.8819999999999997
1.8809999999999996
1.8809999999999996
1.88
1.88
1.878
1.8769999999999998
1.876
1.8769999999999998
1.8779999999999994
1.8779999999999994
1.8779999999999994
1.8789999999999993
1.8789999999999996
1.8789999999999996
1.88
1.8809999999999996
1.8819999999999997
1.8809999999999996
1.88
1.88
1.879
1.879
1.88
1.88
1.8809999999999996
1.8809999999999996
1.8809999999999996
1.8809999999999996
1.88
1.88
1.8779999999999994
1.8769999999999998
1.876
1.876
1.8749999999999993
1.8749999999999993
1.8729999999999998
1.8729999999999998
1.8719999999999997
1.8719999999999997
1.8719999999999997
1.8739999999999997
1.8719999999999997
1.8709999999999996
1.8709999999999996
1.8709999999999998
1.8719999999999999
1.8709999999999998
1.8699999999999997
1.8689999999999998
1.8699999999999997
1.8709999999999998
1.8719999999999999
1.8709999999999996
1.8699999999999997
1.8689999999999998
1.8689999999999998
1.8689999999999998
1.8699999999999997
1.8689999999999998
1.8689999999999998
1.8679999999999997
1.8679999999999997
1.8699999999999997
1.8689999999999998
1.8689999999999998
1.8679999999999997
1.8689999999999998
1.8699999999999997
1.8709999999999998
1.8709999999999998
1.8699999999999997
1.8699999999999997
1.8699999999999997
1.8709999999999996
1.8709999999999996
1.8709999999999996
1.8729999999999998
1.8729999999999998
1.8729999999999998
1.8729999999999998
1.8729999999999998
1.8729999999999998
1.8719999999999999
1.8719999999999999
1.8719999999999999
1.8719999999999999
1.8719999999999999
1.8719999999999999
1.8719999999999997
1.8719999999999997
1.8729999999999998
1.8719999999999997
1.8719999999999997
1.8699999999999997
1.8709999999999996
1.8709999999999996
1.8689999999999998
1.8679999999999997
1.8699999999999997
1.8699999999999997
1.8689999999999998
1.8699999999999997
1.8689999999999998
1.8689999999999998
1.868
1.8689999999999998
1.8689999999999998
1.8689999999999998
1.868
1.867
1.8669999999999995
1.8679999999999997
1.8689999999999998
1.8709999999999998
1.8699999999999997
1.8709999999999996
1.8709999999999996
1.8699999999999997
1.8689999999999998
1.8689999999999998
1.8699999999999997
1.8689999999999998
1.8699999999999997
1.8709999999999996
1.8719999999999997
1.8709999999999996
1.8709999999999996
1.8709999999999996
1.8719999999999997
1.8729999999999998
1.8709999999999996
1.8709999999999996
1.8699999999999997
1.8699999999999997
1.8699999999999997
1.8689999999999998
1.8689999999999998
1.8699999999999997
1.8709999999999996
1.8709999999999996
1.8699999999999997
1.8699999999999997
1.8689999999999998
1.8689999999999998
1.868
1.8689999999999998
1.867
1.867
1.8659999999999997
1.8659999999999997
1.8679999999999997
1.8669999999999995
1.8659999999999997
1.865
1.865
1.8659999999999997
1.8659999999999997
1.865
1.8639999999999999
1.865
1.865
1.865
1.865
1.865
1.865
1.8629999999999995
1.865
1.8639999999999999
1.865
1.8639999999999999
1.8629999999999995
1.8629999999999995
1.8639999999999999
1.8639999999999999
1.865
1.8639999999999999
1.8639999999999999
1.8659999999999997
1.865
1.865
1.8659999999999997
1.8669999999999995
1.8679999999999997
1.8669999999999995
1.8669999999999995
1.8689999999999998
1.8689999999999998
1.8699999999999997
1.8699999999999997
1.8719999999999997
1.8729999999999998
1.8719999999999997
1.8719999999999997
1.8729999999999998
1.8719999999999999
1.8719999999999999
1.8729999999999998
1.8719999999999999
1.8729999999999998
1.8729999999999998
1.8719999999999999
1.8709999999999996
1.8699999999999997
1.8709999999999996
1.8709999999999996
1.8709999999999996
1.8709999999999996
1.8699999999999997
1.8689999999999998
1.8669999999999995
1.8659999999999997
1.8669999999999995
1.8669999999999995
1.8669999999999995
1.8669999999999995
1.8689999999999998
1.8679999999999997
1.8689999999999998
1.8689999999999998
1.868
1.8689999999999998