-0.0072000000000000015
-0.0072000000000000015
-0.0068000000000000005
-0.0068000000000000005
-0.0072000000000000015
-0.007600000000000002
-0.0072000000000000015
-0.008
-0.008400000000000001
-0.008
-0.0076
-0.0072000000000000015
-0.0072000000000000015
-0.008000000000000002
-0.008000000000000002
-0.008400000000000001
-0.008400000000000001
-0.008400000000000001
-0.008
-0.0076
-0.0076
-0.0072000000000000015
-0.0068000000000000005
-0.0068000000000000005
-0.0068000000000000005
-0.0064
-0.0068000000000000005
-0.0064
-0.005600000000000001
-0.005200000000000001
-0.005200000000000001
-0.0048000000000000004
-0.004
-0.0036000000000000008
-0.0036000000000000008
-0.0032
-0.0032
-0.0032
-0.0036000000000000008
-0.0036000000000000008
-0.0036000000000000008
-0.004
-0.0044
-0.0044
-0.0044
-0.0044
-0.0048000000000000004
-0.0048000000000000004
-0.005200000000000001
-0.005200000000000001
-0.0064
-0.0072000000000000015
-0.008400000000000001
-0.008400000000000001
-0.008400000000000001
-0.008400000000000001
-0.008400000000000001
-0.008400000000000001
-0.008400000000000001
-0.0088
-0.008400000000000003
-0.008400000000000003
-0.008400000000000003
-0.008000000000000002
-0.007600000000000002
-0.0072000000000000015
-0.0072000000000000015
-0.0068000000000000005
-0.0068000000000000005
-0.0072
-0.0068000000000000005
-0.006000000000000002
-0.005600000000000001
-0.005200000000000001
-0.0048000000000000004
-0.005200000000000001
-0.005200000000000001
-0.005200000000000001
-0.005200000000000001
-0.005600000000000001
-0.006000000000000001
-0.005600000000000001
-0.006
-0.0068000000000000005
-0.0072
-0.0076
-0.0072000000000000015
-0.008000000000000002
-0.008400000000000001
-0.0088
-0.0088
-0.0088
-0.008800000000000002
-0.009200000000000002
-0.009600000000000003
-0.010000000000000002
-0.010000000000000002
-0.010400000000000003
-0.010400000000000003
-0.009600000000000003
-0.009600000000000003
-0.010000000000000002
-0.009600000000000003
-0.009200000000000002
-0.009200000000000002
-0.009200000000000003
-0.009200000000000003
-0.008400000000000003
-0.008400000000000003
-0.008000000000000002
-0.008400000000000001
-0.008400000000000001
-0.0088
-0.008400000000000001
-0.008
-0.0076
-0.0076
-0.0072000000000000015
-0.0072000000000000015
-0.008
-0.007600000000000002
-0.007600000000000002
-0.007600000000000002
-0.0072000000000000015
-0.0068000000000000005
-0.0068000000000000005
-0.0068000000000000005
-0.0072000000000000015
-0.0068000000000000005
-0.006000000000000001
-0.005600000000000001
-0.005600000000000001
-0.0048000000000000004
-0.005200000000000001
-0.005200000000000001
-0.005200000000000001
-0.005200000000000001
-0.0048000000000000004
-0.0044
-0.0036000000000000008
-0.0044
-0.004
-0.0036000000000000008
-0.0036000000000000008
-0.0036000000000000008
-0.0032
-0.0032
-0.0032
-0.0032
-0.0048000000000000004
-0.0048000000000000004
-0.005200000000000001
-0.005200000000000001
-0.0048000000000000004
-0.005200000000000001
-0.006
-0.0064
-0.0068000000000000005
-0.0072000000000000015
-0.007600000000000002
-0.007600000000000002
-0.008000000000000002
-0.008400000000000003
-0.008800000000000002
-0.010000000000000002
-0.010800000000000002
-0.010400000000000001
-0.010000000000000002
-0.010800000000000002
-0.01
-0.0108
-0.010400000000000001
-0.010400000000000001
-0.010800000000000002
-0.010800000000000002
-0.010000000000000002
-0.009600000000000003
-0.009600000000000003
-0.009600000000000003
-0.010000000000000002
-0.009600000000000001
-0.009200000000000002
-0.009600000000000004
-0.009200000000000003
-0.009200000000000002
-0.009200000000000002
-0.009600000000000003
-0.010400000000000001
-0.009600000000000001
-0.009200000000000002
-0.008800000000000002
-0.009200000000000003
-0.009200000000000003
-0.009200000000000003
-0.009600000000000003
-0.009600000000000003
-0.009200000000000002
-0.009200000000000002
-0.0088
-0.008400000000000001
-0.008400000000000001
-0.0088
-0.008800000000000002
-0.009600000000000003
-0.008800000000000002
-0.008400000000000001
-0.008400000000000001
-0.008000000000000002
-0.008400000000000003
-0.008800000000000002
-0.008000000000000002
-0.008000000000000002
-0.008400000000000003
-0.008800000000000002
-0.0088
-0.0088
-0.0092
-0.0088
-0.0088
-0.0092
-0.008800000000000002
-0.008400000000000003
-0.008400000000000001
-0.008000000000000002
-0.008000000000000002
-0.007600000000000002
-0.007600000000000002
-0.007600000000000002
-0.0072000000000000015
-0.0068000000000000005
-0.0072000000000000015
-0.0072000000000000015
-0.0072000000000000015
-0.0068000000000000005
-0.0068000000000000005
-0.0072000000000000015
-0.007600000000000002
-0.008400000000000001
-0.0088
-0.008400000000000001
-0.0088
-0.009200000000000002
-0.009200000000000003
-0.008800000000000002
-0.0088
-0.0088
-0.0088
-0.0088
-0.0092
-0.010000000000000002
-0.010000000000000002
-0.010400000000000001
-0.010000000000000002
-0.010000000000000002
-0.0104
-0.010000000000000002
-0.0088
-0.008
-0.008
-0.008
-0.007600000000000002
-0.007600000000000002
-0.0072000000000000015
-0.007600000000000002
-0.008000000000000002
-0.008400000000000003
-0.008800000000000002
-0.009200000000000002
-0.009200000000000002
-0.0088
-0.0088
-0.008400000000000001
-0.0088
-0.0092
-0.008400000000000003
-0.008400000000000001
-0.009200000000000002
-0.009600000000000003
-0.009600000000000003
-0.010000000000000004
-0.010400000000000005
-0.010400000000000003
-0.010000000000000002
-0.010000000000000002
-0.009600000000000003
-0.010000000000000002
-0.009600000000000001
-0.008400000000000003
-0.008400000000000003
-0.008400000000000003
-0.008400000000000003
-0.008000000000000002
-0.008000000000000002
-0.008000000000000002
-0.008000000000000002
-0.008400000000000003
-0.008400000000000003
-0.008400000000000001
-0.008400000000000001
-0.007600000000000002
-0.007600000000000002
-0.008000000000000002
-0.0088
-0.008800000000000002
-0.009200000000000002
-0.0088
-0.0088
-0.009200000000000002
-0.008400000000000001
-0.008
-0.0088
-0.009600000000000001
-0.009600000000000001
-0.009600000000000001
-0.010000000000000002
-0.010000000000000002
-0.010000000000000002
-0.0104
-0.010800000000000002
-0.010800000000000002
-0.0108
-0.0104
-0.010400000000000001
-0.010800000000000002
-0.010400000000000001
-0.0104
-0.010800000000000002
-0.011600000000000001
-0.012
-0.012400000000000001
-0.011600000000000001
-0.011200000000000002
-0.011200000000000002
-0.011200000000000002
-0.011200000000000002
-0.011200000000000002
-0.010800000000000002
-0.010000000000000002
-0.009600000000000001
-0.010000000000000002
-0.010000000000000002
-0.010000000000000002
-0.009600000000000003
-0.008800000000000002
-0.008400000000000003
-0.008800000000000002
-0.008000000000000002
-0.008
-0.008
-0.008
-0.008
-0.008
-0.008
-0.008400000000000001
-0.008
-0.0072
-0.0076
-0.0072
-0.0072
-0.0068000000000000005
-0.0064
-0.0064
-0.0068000000000000005
-0.0072000000000000015
-0.007600000000000002
-0.0068000000000000005
-0.007600000000000002
-0.0072000000000000015
-0.0072
-0.0068000000000000005
-0.006000000000000001
-0.0064
-0.0068000000000000005
-0.005600000000000001
-0.005600000000000001
-0.006000000000000002
-0.006000000000000002
-0.0064
-0.0064
-0.0068000000000000005
-0.0068000000000000005
-0.0064
-0.005600000000000001
-0.005600000000000001
-0.006000000000000001
-0.0064
-0.006
-0.006
-0.006
-0.0068000000000000005
-0.007600000000000002
-0.007600000000000002
-0.007600000000000002
-0.008400000000000001
-0.008400000000000003
-0.008400000000000001
-0.0088
-0.0084
-0.0084
-0.008400000000000001
-0.0088
-0.0088
-0.0088
-0.0088
-0.008000000000000002
-0.007600000000000002
-0.007600000000000002
-0.007600000000000002
-0.0072000000000000015
-0.007600000000000002
-0.007600000000000002
-0.0072000000000000015
-0.0072000000000000015
-0.0068000000000000005
-0.0068000000000000005
-0.0064
-0.006
-0.0068000000000000005
-0.0068000000000000005
-0.0068000000000000005
-0.006000000000000001
-0.0068000000000000005
-0.0068000000000000005
-0.0068000000000000005
-0.0072
-0.008
-0.0076
-0.007600000000000002
-0.008
-0.0072000000000000015
-0.007600000000000002
-0.007600000000000002
-0.0072000000000000015
-0.0068000000000000005
-0.0068000000000000005
-0.0068000000000000005
-0.0068000000000000005
-0.0072000000000000015
-0.0068000000000000005
-0.0068000000000000005
-0.0072
-0.0064
-0.0064
-0.006
-0.006
-0.005200000000000001
-0.005600000000000001
-0.006
-0.005600000000000001
-0.005600000000000001
-0.005200000000000001
-0.005200000000000001
-0.006
-0.0064
-0.006
-0.006
-0.005600000000000001
-0.005200000000000001
-0.005600000000000001
-0.005600000000000001
-0.006
-0.0064
-0.0064
-0.0072000000000000015
-0.0072000000000000015
-0.008
-0.008
-0.0076
-0.0076
-0.0072000000000000015
-0.0072000000000000015
-0.007600000000000002
-0.0064
-0.006
-0.0068000000000000005
-0.0072
-0.0076
-0.0072000000000000015
-0.0072000000000000015
-0.0068000000000000005
-0.0068000000000000005
-0.0072000000000000015
-0.007600000000000002
-0.0068000000000000005
-0.0068000000000000005
-0.0064
-0.0068000000000000005
-0.0068000000000000005
-0.0072
-0.0072
-0.007600000000000002
-0.008000000000000002
-0.008400000000000001
-0.0088
-0.008
-0.0084
-0.008000000000000002
-0.008400000000000001
-0.008
-0.008400000000000001
-0.008
-0.007600000000000002
-0.0072000000000000015
-0.0072000000000000015
-0.007600000000000002
-0.0072000000000000015
-0.0064
-0.0064
-0.0064
-0.0064
-0.006000000000000002
-0.005600000000000001
-0.005200000000000001
-0.005200000000000001
-0.005200000000000001
-0.0048000000000000004
-0.0044
-0.004
-0.0044
-0.004
-0.004
-0.004
-0.0044
-0.0048000000000000004
-0.0044
-0.0044
-0.0044
-0.004
-0.004
-0.0044
-0.004
-0.0036000000000000008
-0.0044
-0.0044
-0.0044
-0.0036000000000000008
-0.0044
-0.0044
-0.0048000000000000004
-0.0048000000000000004
-0.005200000000000001
-0.0048000000000000004
-0.0048000000000000004
-0.0048000000000000004
-0.0048000000000000004
-0.005600000000000001
-0.0064
-0.006000000000000001
-0.005600000000000001
-0.006
-0.006
-0.0068000000000000005
-0.0068000000000000005
-0.0068000000000000005
-0.0076
-0.008400000000000001
-0.008400000000000001
-0.0092
-0.009600000000000001
-0.010000000000000002
-0.010000000000000002
-0.010800000000000002
-0.010800000000000002
-0.011200000000000002
-0.012
-0.012
-0.011600000000000003
-0.012400000000000001
-0.0128
-0.0128
-0.013200000000000002
-0.0128
-0.012400000000000001
-0.012400000000000001
-0.012000000000000004
-0.011600000000000004
-0.012400000000000003
-0.012000000000000004
-0.011200000000000002
-0.010800000000000002
-0.010800000000000002
-0.010400000000000003
-0.010400000000000003
-0.010400000000000001
-0.010400000000000001
-0.010400000000000001
-0.010800000000000002
-0.010800000000000002
-0.0108
-0.010400000000000001
-0.010400000000000001
-0.010000000000000002
-0.010400000000000001
-0.010400000000000001
-0.010400000000000001
-0.011200000000000002
-0.010400000000000001
-0.010000000000000002
-0.010800000000000002
-0.011200000000000002
-0.011200000000000002
-0.011200000000000002
-0.010800000000000002
-0.010400000000000003
-0.009600000000000003
-0.009200000000000002
-0.008800000000000002
-0.008800000000000002
-0.008400000000000003
-0.008400000000000003
-0.009200000000000002
-0.009200000000000002
-0.0088
-0.008400000000000001
-0.0088
-0.0084
-0.008400000000000001
-0.008400000000000001
-0.007600000000000002
-0.007600000000000002
-0.007600000000000002
-0.008000000000000002
-0.008400000000000003
-0.008800000000000002
-0.008800000000000002
-0.008000000000000002
-0.008000000000000002
-0.007600000000000002
-0.008400000000000003
-0.008400000000000003
-0.0076
-0.0076
-0.0084
-0.0084
-0.008
-0.008
-0.008
-0.0088
-0.0088
-0.0088
-0.009200000000000003
-0.008800000000000002
-0.0088
-0.008400000000000001
-0.0088
-0.009600000000000001
-0.0092
-0.009600000000000001
-0.009200000000000002
-0.009200000000000002
-0.010000000000000002
-0.009600000000000001
-0.0092
-0.0092
-0.0088
-0.0088
-0.0092
-0.0092
-0.0088
-0.0092
-0.008400000000000001
-0.0088
-0.009600000000000001
-0.009600000000000001
-0.01
-0.009600000000000001
-0.010000000000000002
-0.010000000000000002
-0.010400000000000001
-0.010400000000000001
-0.010000000000000002
-0.009600000000000001
-0.009600000000000001
-0.010400000000000001
-0.010800000000000002
-0.011200000000000002
-0.010400000000000001
-0.009600000000000001
-0.0092
-0.0092
-0.009600000000000001
-0.009200000000000002
-0.008400000000000001
-0.0088
-0.008000000000000002
-0.008000000000000002
-0.008000000000000002
-0.008000000000000002
-0.008000000000000002
-0.0088
-0.008400000000000001
-0.009600000000000001
-0.009600000000000001
-0.0092
-0.0088
-0.008
-0.0088
-0.009600000000000001
-0.010400000000000001
-0.010400000000000001
-0.010800000000000002
-0.010400000000000001
-0.010800000000000002
-0.010800000000000002
-0.010400000000000001
-0.010800000000000002
-0.011200000000000002
-0.011200000000000002
-0.010800000000000002
-0.010000000000000002
-0.010400000000000001
-0.010400000000000001
-0.009600000000000003
-0.010000000000000002
-0.010800000000000002
-0.010800000000000002
-0.010400000000000001
-0.010000000000000002
-0.009600000000000001
-0.009200000000000002
-0.008800000000000002
-0.008800000000000002
-0.009200000000000002
-0.008400000000000001
-0.008400000000000001
-0.008
-0.0076
-0.0072
-0.007600000000000002
-0.007600000000000002
-0.0076
-0.0072000000000000015
-0.008
-0.0076
-0.0072000000000000015
-0.007600000000000002
-0.0088
-0.0092
-0.009600000000000001
-0.0088
-0.0088
-0.0092
-0.008000000000000002
-0.008400000000000001
-0.008400000000000001
-0.0088
-0.0088
-0.009600000000000001
-0.009600000000000003
-0.010400000000000001
-0.010000000000000002
-0.009600000000000001
-0.0092
-0.008400000000000001
-0.008000000000000002
-0.008000000000000002
-0.0064
-0.005600000000000001
-0.005600000000000001
-0.0064
-0.006000000000000001
-0.0064
-0.0072000000000000015
-0.0072000000000000015
-0.0072000000000000015
-0.0068000000000000005
-0.0068000000000000005
-0.0064
-0.006
-0.0048000000000000004
-0.0048000000000000004
-0.005200000000000001
-0.0048000000000000004
-0.005200000000000001
-0.005600000000000001
-0.006
-0.0064
-0.0064
-0.0064
-0.006
-0.0064
-0.0064
-0.0064
-0.0064
-0.0068000000000000005
-0.0064
-0.0064
-0.006000000000000002
-0.006000000000000002
-0.006000000000000002
-0.006000000000000002
-0.0064
-0.0068000000000000005
-0.0068000000000000005
-0.0072000000000000015
-0.0064
-0.006000000000000001
-0.0068000000000000005
-0.0068000000000000005
-0.0072
-0.0072000000000000015
-0.006400000000000002
-0.0064
-0.0064
-0.006
-0.0068000000000000005
-0.0064
-0.0068000000000000005
-0.0072000000000000015
-0.007600000000000002
-0.0068000000000000005
-0.006
-0.006
-0.006
-0.005200000000000001
-0.005600000000000001
-0.005600000000000001
-0.0048000000000000004
-0.0048000000000000004
-0.004
-0.004
-0.0048000000000000004
-0.0044
-0.0044
-0.0048000000000000004
-0.0048000000000000004
-0.005200000000000001
-0.005200000000000001
-0.0048000000000000004
-0.0048000000000000004
-0.006000000000000001
-0.0064
-0.0064
-0.0064
-0.0068000000000000005
-0.0068000000000000005
-0.0072000000000000015
-0.008000000000000002
-0.007600000000000002
-0.008000000000000002
-0.008000000000000002
-0.007600000000000002
-0.007600000000000002
-0.0072000000000000015
-0.0072000000000000015
-0.0068000000000000005
-0.0072000000000000015
-0.0072000000000000015
-0.0076
-0.0076
-0.0072
-0.0072
-0.0068000000000000005
-0.0068000000000000005
-0.0072000000000000015
-0.0072000000000000015
-0.0072
-0.0068000000000000005
-0.0076
-0.008
-0.008400000000000001
-0.0088
-0.0088
-0.009200000000000002
-0.009200000000000002
-0.009200000000000002
-0.0088
-0.0088
-0.008000000000000002
-0.007600000000000002
-0.0072000000000000015
-0.0072000000000000015
-0.007600000000000002
-0.008000000000000002
-0.007600000000000002
-0.0072000000000000015
-0.0068000000000000005
-0.0064
-0.0068000000000000005
-0.0068000000000000005
-0.0068000000000000005
-0.0064
-0.0064
-0.0068000000000000005
-0.0064
-0.0064
-0.0068000000000000005
-0.0064
-0.0068000000000000005
-0.0068000000000000005
-0.0068000000000000005
-0.0068000000000000005
-0.0064
-0.006000000000000002
-0.005600000000000001
-0.0064
-0.0072000000000000015
-0.007600000000000002
-0.0068000000000000005
-0.0064
-0.0064
-0.0068000000000000005
-0.0068000000000000005
-0.0064
-0.0072000000000000015
-0.0072000000000000015
-0.0068000000000000005
-0.0068000000000000005
-0.0064
-0.006000000000000001
-0.005600000000000001
-0.005200000000000001
-0.006
-0.006
-0.006
-0.005600000000000001
-0.005200000000000001
-0.005200000000000001
-0.0048000000000000004
-0.005600000000000001
-0.005200000000000001
-0.0048000000000000004
-0.0044
-0.0044
-0.004
-0.0048000000000000004
-0.0044
-0.0048000000000000004
-0.005200000000000001
-0.0064
-0.0072000000000000015
-0.0076
-0.0072000000000000015
-0.008
-0.008400000000000001
-0.0084
-0.0084
-0.008
-0.008400000000000001
-0.0084
-0.0084
-0.0088
-0.0088
-0.0088
-0.0088
-0.008400000000000001
-0.0088
-0.0092
-0.009600000000000001
-0.0088
-0.008400000000000003
-0.008000000000000002
-0.008400000000000001
-0.008400000000000001
-0.008400000000000003
-0.007600000000000002
-0.007600000000000002
-0.008000000000000002
-0.008000000000000002
-0.008000000000000002
-0.0088
-0.008400000000000001
-0.0088
-0.0088
-0.008400000000000001
-0.0088
-0.0088
-0.008400000000000001
-0.008000000000000002
-0.008800000000000002
-0.009200000000000003
-0.009600000000000003
-0.010000000000000002
-0.010000000000000002
-0.009600000000000001
-0.0104
-0.01
-0.010400000000000001
-0.010400000000000001
-0.0104
-0.010000000000000002
-0.010400000000000001
-0.010800000000000002
-0.010800000000000002
-0.011600000000000001
-0.011200000000000002
-0.011600000000000003
-0.011600000000000003
-0.011200000000000002
-0.010800000000000002
-0.011200000000000002
-0.011200000000000002
-0.010400000000000003
-0.009600000000000003
-0.010400000000000001
-0.010400000000000001
-0.010800000000000002
-0.010800000000000002
-0.010400000000000001
-0.01
-0.010000000000000002
-0.010000000000000002
-0.010000000000000002
-0.010000000000000002
-0.0092
-0.009200000000000002
-0.0088
-0.008400000000000001
-0.008400000000000001
-0.008400000000000001
-0.008400000000000003
-0.0088
-0.0088
-0.0092
-0.0088
-0.0088
-0.008400000000000001
-0.008000000000000002
-0.008400000000000003
-0.008400000000000003
-0.007600000000000002
-0.0068000000000000005
-0.0064
-0.0068000000000000005
-0.007600000000000002
-0.0068000000000000005
-0.0068000000000000005
-0.007600000000000002
-0.008400000000000001
-0.008400000000000003
-0.008000000000000002
-0.0072000000000000015
-0.0072000000000000015
-0.0072000000000000015
-0.0072000000000000015
-0.007600000000000002
-0.008000000000000002
-0.008000000000000002
-0.008000000000000002
-0.008000000000000002
-0.008800000000000002
-0.010000000000000002
-0.010000000000000002
-0.009600000000000001
-0.0092
-0.010000000000000002
-0.010800000000000002
-0.011200000000000002
-0.010400000000000001
-0.010400000000000001
-0.010400000000000001
-0.011200000000000002
-0.011200000000000002
-0.011600000000000001
-0.011600000000000003
-0.011200000000000002
-0.012000000000000002
-0.012400000000000001
-0.0128
-0.013200000000000002
-0.0128
-0.0116
-0.011600000000000001
-0.011600000000000003
-0.012000000000000004
-0.012000000000000004
-0.010800000000000002
-0.010400000000000001
-0.011200000000000002
-0.011200000000000002
-0.011200000000000002
-0.012000000000000002
-0.011600000000000001
-0.011200000000000002
-0.010800000000000002
-0.010800000000000002
-0.010000000000000002
-0.009600000000000003
-0.0088
-0.008800000000000002
-0.008800000000000002
-0.009200000000000002
-0.009600000000000003
-0.010000000000000002
-0.009600000000000001
-0.009600000000000001
-0.009600000000000001
-0.0092
-0.0084
-0.0088
-0.008400000000000001
-0.0072000000000000015
-0.0072000000000000015
-0.0072000000000000015
-0.007600000000000002
-0.007600000000000002
-0.007600000000000002
-0.0072000000000000015
-0.007600000000000002
-0.0068000000000000005
-0.0068000000000000005
-0.0068000000000000005
-0.0068000000000000005
-0.006
-0.005600000000000001
-0.006000000000000001
-0.0064
-0.0064
-0.0064
-0.006
-0.0064
-0.006
-0.006
-0.006
-0.0064
-0.0068000000000000005
-0.0068000000000000005
-0.0072000000000000015
-0.008400000000000001
-0.0092
-0.0088
-0.0084
-0.008000000000000002
-0.008000000000000002
-0.008000000000000002
-0.007600000000000002
-0.0072000000000000015
-0.0068000000000000005
-0.0072000000000000015
-0.007600000000000002
-0.007600000000000002
-0.007600000000000002
-0.008400000000000003
-0.0088
-0.0084
-0.0072
-0.0064
-0.0064
-0.0044
-0.0036000000000000008
-0.0036000000000000008
-0.004
-0.0032
-0.0032
-0.0036000000000000008
-0.0032
-0.0032
-0.0036000000000000008
-0.0032
-0.002
-0.002
-0.0028000000000000004
-0.002
-0.0008
-0.0008
-0.0016
-0.002
-0.002
-0.0028000000000000004
-0.0028000000000000004
-0.0028000000000000004
-0.0032
-0.004
-0.0036000000000000008
-0.0036000000000000008
-0.0032
-0.0032
-0.0028000000000000004
-0.0032
-0.004
-0.004
-0.0036000000000000008
-0.0036000000000000008
-0.004
-0.0036000000000000008
-0.0032
-0.004
-0.004
-0.0036000000000000008
-0.004
-0.0044
-0.004
-0.0036000000000000008
-0.0044
-0.0044
-0.005200000000000001
-0.005200000000000001
-0.005600000000000001
-0.005600000000000001
-0.005600000000000001
-0.005200000000000001
-0.0044
-0.0044
-0.0044
-0.0048000000000000004
-0.0048000000000000004
-0.004
-0.004
-0.0044
-0.004
-0.0036000000000000008
-0.0032
-0.0032
-0.0024000000000000002
-0.0004
0.0036000002000000004
0.008400000250000001
0.015600000250000003
0.02400000075
0.03400000075
0.04520000125
0.05800000125
0.07280000125000001
0.08840000175000001
0.10560000325000002
0.12480000325000001
0.14520000435
0.1672000049
0.1904000064
0.21400000805000002
0.23840000979999998
0.26440001185
0.29080001169999997
0.31720001235
0.342400013
0.36680001289999997
0.39040001380000006
0.4128000163500001
0.4348000170500001
0.4556000190500001
0.4760000200000001
0.49400002065
0.5112000229
0.5276000246499999
0.54400002485
0.5584000273999999
0.57160002885
0.58440002945
0.5960000291
0.6072000294500001
0.6184000283
0.62800002685
0.63800002925
0.6476000308500001
0.65720003245
0.66640003325
0.6752000332
0.6840000331500001
0.69200003445
0.7000000328000001
0.7072000325000002
0.7148000330000001
0.7220000327000001
0.7296000332000001
0.7364000321000002
0.7424000323000001
0.74960003195
0.7560000330000001
0.7628000349000001
0.7696000337500002
0.7752000362000001
0.78120003645
0.78680003585
0.79200003445
0.7980000347000001
0.8040000349000002
0.8096000373000003
0.8144000381000002
0.8192000389
0.8248000413000001
0.8292000412500002
0.8340000420500001
0.8384000420500002
0.84280004205
0.847200045
0.8520000458000002
0.8552000463500001
0.8588000477000002
0.8620000482000002
0.8656000495500001
0.8696000487000002
0.8728000492500002
0.8756000490000002
0.8792000503500002
0.8828000487000001
0.8852000506
0.88840004815
0.8916000457
0.89520004405
0.89800004375
0.9020000459
0.9052000464000001
0.9088000477000002
0.9120000482000002
0.9144000471000002
0.9172000468000001
0.9204000473000001
0.9240000456499999
0.9272000432000003
0.9300000429000002
0.9332000434000002
0.9364000439
0.9396000444000001
0.9424000441000001
0.9448000459500001
0.9484000443000004
0.951200047
0.9540000497
0.9568000494
0.9592000483
0.9612000464000001
0.9640000461
0.9668000428500001
0.9696000396
0.97320003715
0.9764000339000001
0.97920003065
0.9820000287500001
0.9840000298
0.9868000279000001
0.9888000252
0.9920000233
0.9944000214
0.9972000195
0.9996000168000001
1.00120001545
1.0032000119
1.00480000835
1.006800007
1.0092000056500001
1.0116000043
1.01360000215
1.01560000215
1.0176000021499998
1.0192000021499998
1.0208000021499999
1.02240000215
1.02400000215
1.0268000000000002
1.0284000000000002
1.0304
1.032
1.0336
1.0356000000000003
1.0372000000000001
1.0392
1.0412000000000001
1.0440000000000003
1.0456
1.0472000000000001
1.0484000000000002
1.0504000000000002
1.0516
1.0532000000000001
1.0548
1.0568000000000002
1.0596
1.0616
1.0628
1.0644000000000002
1.066
1.068
1.0704
1.0724
1.0744000000000002
1.0764000000000002
1.078
1.0796000000000001
1.082
1.0836000000000001
1.0852000000000002
1.0864
1.088
1.0896000000000001
1.0916000000000001
1.0928000000000002
1.094
1.0952000000000002
1.0972000000000002
1.0988
1.1004000000000003
1.1012000000000002
1.1032
1.1044
1.1064000000000003
1.1076000000000004
1.1088000000000002
1.1104000000000003
1.1112000000000002
1.1124
1.1144
1.116
1.1176000000000001
1.1188
1.1199999999999999
1.1212
1.1224
1.1236
1.1252
1.1272
1.1288
1.1304
1.1308
1.1324
1.1336
1.1343999999999999
1.1363999999999999
1.1376
1.1392
1.1407999999999998
1.1416
1.1432
1.1448
1.146
1.1476
1.1496
1.1516
1.1527999999999998
1.1531999999999998
1.1535999999999997
1.1552
1.1564
1.158
1.1592
1.16
1.1611999999999998
1.1616
1.1623999999999999
1.1636
1.1648
1.1664
1.1672
1.1683999999999999
1.1692
1.1696
1.1703999999999999
1.1712
1.1723999999999999
1.174
1.1756
1.176
1.1767999999999998
1.1775999999999998
1.1775999999999998
1.1787999999999998
1.1799999999999997
1.1816
1.1832
1.184
1.1851999999999998
1.186
1.1867999999999999
1.1876
1.1892
1.1908
1.192
1.1924
1.1936
1.194
1.1944
1.1951999999999998
1.1959999999999997
1.1971999999999998
1.1988
1.1988
1.2004
1.2016
1.2024
1.2032
1.2036
1.2047999999999999
1.2056
1.2068
1.2080000000000002
1.2084000000000001
1.2092
1.2104
1.2108
1.2124
1.2136
1.2144000000000001
1.2156
1.2164000000000001
1.2172
1.2192
1.2192
1.2196
1.2204000000000002
1.2212
1.2224000000000002
1.2232
1.2236
1.2232
1.224
1.2252
1.2256
1.2256
1.2264
1.2276
1.2284
1.2291999999999998
1.2296
1.2308000000000001
1.2316
1.2320000000000002
1.2336
1.2344
1.2352
1.2364000000000002
1.2368
1.2375999999999998
1.2392
1.2412
1.2416
1.242
1.2431999999999999
1.2444
1.2456
1.246
1.2468000000000001
1.2480000000000002
1.2496
1.25
1.2508
1.2516
1.252
1.2528000000000001
1.2540000000000002
1.2544000000000002
1.2560000000000002
1.2568000000000001
1.2576
1.258
1.2591999999999999
1.2604
1.2612
1.2624000000000002
1.2628000000000001
1.2636
1.2644000000000002
1.2648000000000001
1.2652
1.2656
1.2664
1.2672
1.2675999999999998
1.2684000000000002
1.2684000000000002
1.2692
1.2692
1.2696000000000003
1.2704000000000002
1.2708000000000002
1.2708000000000002
1.2712
1.2716
1.272
1.2724000000000002
1.2728
1.2732
1.2736
1.2744
1.2756
1.276
1.2764
1.2776
1.2788000000000002
1.2792000000000001
1.2800000000000002
1.2812000000000001
1.2816
1.282
1.2828
1.2836
1.284
1.2844000000000002
1.2848000000000002
1.2868000000000002
1.2876000000000003
1.2884000000000002
1.2896
1.29
1.29
1.2904
1.2916
1.292
1.292
1.2928000000000002
1.2936
1.2940000000000003
1.2948000000000002
1.2952
1.2960000000000003
1.2964000000000002
1.2976
1.2976
1.2984
1.298
1.298
1.2988
1.2992000000000001
1.2996
1.3004000000000002
1.3016
1.3016
1.3024000000000002
1.3036000000000003
1.3040000000000003
1.3048000000000002
1.3056
1.3068000000000002
1.3076
1.3076
1.3088000000000002
1.3084000000000002
1.3092000000000004
1.3092000000000004
1.3100000000000003
1.3108000000000002
1.3108000000000002
1.3116
1.3128000000000002
1.3132000000000001
1.3132
1.3144
1.3148
1.3148
1.316
1.3164
1.3164
1.3168
1.3176
1.3184000000000002
1.3188
1.32
1.3208
1.322
1.3228000000000002
1.324
1.3248000000000002
1.3256000000000001
1.3252000000000002
1.3256000000000001
1.3264000000000002
1.3264
1.3268000000000002
1.3276000000000001
1.3280000000000003
1.3284000000000002
1.3292000000000002
1.3296000000000001
1.3296000000000001
1.3308
1.3316000000000001
1.332
1.3332000000000002
1.3336000000000001
1.3336000000000001
1.3336000000000001
1.3336000000000001
1.3332000000000002
1.334
1.3352000000000002
1.336
1.3368
1.3376000000000001
1.338
1.3384
1.3388
1.3388
1.3392
1.3404
1.3399999999999999
1.3399999999999999
1.3404
1.3404
1.3412
1.3416000000000001
1.3419999999999999
1.3432
1.344
1.344
1.344
1.3444
1.3444
1.3444
1.3448000000000002
1.3452000000000002
1.3452000000000002
1.3452000000000002
1.3456000000000001
1.346
1.3472000000000002
1.3476000000000001
1.348
1.3484
1.3488
1.3492000000000002
1.3496000000000001
1.3496000000000001
1.3504000000000003
1.3516000000000001
1.352
1.3524000000000003
1.3532000000000002
1.354
1.354
1.3544
1.3548
1.3559999999999999
1.3556
1.3552
1.3544
1.3548
1.3548
1.3548
1.354
1.354
1.354
1.3548000000000002
1.3548000000000002
1.3544
1.3544
1.354
1.3536000000000001
1.3536000000000001
1.354
1.354
1.3544
1.3552
1.3559999999999999
1.3564
1.3572
1.3572
1.3584
1.3592
1.3604
1.3612000000000002
1.3616000000000001
1.3616000000000001
1.3616000000000001
1.3624
1.3628
1.3632000000000002
1.3636
1.3636
1.3639999999999999
1.3643999999999998
1.3652000000000002
1.3648
1.3648
1.3652000000000002
1.3652000000000002
1.3656000000000001
1.3656
1.3656
1.3652000000000002
1.3652000000000002
1.3656
1.3656
1.366
1.3656000000000001
1.366
1.366
1.3668
1.3668
1.3672
1.3668
1.3668
1.3668
1.3676
1.3676
1.3676
1.3684000000000003
1.368
1.3684
1.3692000000000002
1.3692000000000002
1.37
1.3704
1.3704
1.3708
1.3704
1.3708
1.3708
1.3712
1.3712
1.3719999999999999
1.3716000000000002
1.3716000000000002
1.3719999999999999
1.3719999999999999
1.3728000000000002
1.3724
1.3732
1.3732
1.3732
1.3736
1.3732
1.3732
1.3732
1.3732
1.3739999999999999
1.3747999999999998
1.3744
1.3747999999999998
1.3747999999999998
1.3744
1.3752
1.3756
1.3752
1.376
1.3756000000000002
1.3748
1.3744
1.3748
1.3752
1.3752
1.3756000000000002
1.3752
1.3764
1.3768
1.3768
1.3764
1.3772
1.3772
1.3772
1.378
1.378
1.3776000000000002
1.3780000000000001
1.3772
1.3780000000000001
1.3788
1.3788
1.3780000000000001
1.3784
1.3784
1.378
1.3784
1.3776000000000002
1.378
1.378
1.378
1.3784
1.3784
1.3783999999999998
1.378
1.3775999999999997
1.378
1.3775999999999997
1.3775999999999997
1.3775999999999997
1.3775999999999997
1.3775999999999997
1.378
1.3767999999999998
1.3767999999999998
1.3767999999999998
1.3767999999999998
1.3772
1.3767999999999998
1.3776
1.3784
1.3772
1.3776000000000002
1.3784
1.3787999999999998
1.3796
1.3796
1.3792
1.38
1.38
1.38
1.38
1.3803999999999998
1.3816
1.3820000000000001
1.3820000000000001
1.3823999999999999
1.3823999999999999
1.3828
1.3824
1.3820000000000001
1.3824
1.3832000000000002
1.3828
1.3824
1.3816
1.3820000000000001
1.3832000000000002
1.3828
1.3828
1.3832000000000002
1.3836
1.3832
1.3828
1.3823999999999999
1.3828
1.3823999999999999
1.3823999999999999
1.3828
1.3828
1.3828
1.3824
1.3816
1.3816
1.3820000000000001
1.3820000000000001
1.3816
1.3816
1.3816
1.3811999999999998
1.3808
1.3803999999999998
1.3808
1.3803999999999998
1.3811999999999998
1.3811999999999998
1.3819999999999997
1.3823999999999999
1.3815999999999997
1.3811999999999998
1.3803999999999998
1.3811999999999998
1.3811999999999998
1.3811999999999998
1.3808
1.3803999999999998
1.3808
1.3796
1.3800000000000001
1.3803999999999998
1.3803999999999998
1.3800000000000001
1.3800000000000001
1.3804000000000003
1.3796
1.3796
1.3792000000000002
1.3788
1.3784000000000003
1.3784
1.3796
1.3796
1.3792
1.3788
1.3796
1.38
1.38
1.3808
1.3808
1.38
1.38
1.3808
1.3811999999999998
1.3812
1.3808
1.3803999999999998
1.38
1.38
1.3803999999999998
1.3808
1.38
1.38
1.38
1.38
1.3796
1.3803999999999998
1.3796
1.3796
1.3796
1.3804
1.3808
1.3803999999999998
1.3800000000000001
1.3800000000000001
1.3800000000000001
1.3800000000000001
1.3796
1.3796000000000002
1.3796
1.3788
1.3792000000000002
1.3796
1.3800000000000001
1.3804
1.3800000000000001
1.3796
1.3800000000000001
1.3792
1.3788
1.3788
1.3784
1.3784
1.3784
1.3780000000000001
1.3784
1.3784
1.3784
1.378
1.3788
1.3796
1.3796
1.3787999999999998
1.3788
1.3788
1.3788
1.3784
1.3788
1.38
1.38
1.3796
1.38
1.3803999999999998
1.38
1.3803999999999998
1.3803999999999998
1.3803999999999998
1.3807999999999998
1.3803999999999998
1.38
1.3796
1.3788
1.3788
1.3788
1.3788
1.3784
1.3784
1.3776000000000002
1.3768
1.3772
1.3772
1.3768000000000002
1.3764
1.3768
1.3764
1.3764
1.376
1.3756
1.3756
1.3752
1.3756
1.376
1.3756
1.3752
1.3748
1.3752
1.3752
1.3756
1.376
1.3756
1.3755999999999997
1.3752
1.3752
1.3743999999999998
1.3743999999999998
1.3739999999999999
1.3747999999999998
1.3752
1.3752
1.3756000000000002
1.3752
1.3752
1.3756
1.3752
1.3748
1.3752
1.3748000000000002
1.3739999999999999
1.3732
1.3732
1.3732
1.3736
1.3736
1.3739999999999999
1.3739999999999999
1.3739999999999999
1.3732
1.3732
1.3736000000000002
1.3728
1.3727999999999998
1.3732
1.3736
1.3739999999999999
1.3739999999999999
1.3736
1.3739999999999999
1.3744
1.3744
1.3744
1.3744
1.3744
1.3747999999999998
1.3744
1.3744
1.3739999999999999
1.3743999999999998
1.3743999999999998
1.3739999999999999
1.3739999999999999
1.3736
1.3736000000000002
1.3732
1.3732
1.3735999999999997
1.3732
1.3732
1.3736
1.3732
1.3723999999999998
1.3723999999999998
1.3723999999999998
1.3719999999999999
1.3723999999999998
1.3719999999999999
1.3731999999999998
1.3723999999999998
1.3716
1.3712
1.3716
1.3716
1.3708
1.3704
1.37
1.3692000000000002
1.3692000000000002
1.3684000000000003
1.3676000000000004
1.3684000000000003
1.3684
1.3688
1.3696000000000002
1.3692000000000002
1.3688
1.3688
1.3676000000000001
1.3688000000000002
1.3692000000000002
1.3696000000000002
1.3696000000000002
1.3704
1.3708000000000002
1.3708000000000002
1.3704
1.3704
1.3708
1.3712
1.3716000000000002
1.3712
1.3719999999999999
1.3712
1.3696
1.3696
1.3696000000000002
1.37
1.3704
1.3692000000000002
1.3692000000000002
1.3696000000000002
1.3688
1.3684
1.368
1.368
1.3688
1.3696
1.3688
1.3688
1.3688000000000002
1.3688000000000002
1.3684000000000003
1.3684000000000003
1.3688000000000002
1.3684000000000003
1.3684000000000003
1.368
1.368
1.3684000000000003
1.3684000000000003
1.3680000000000003
1.3688000000000002
1.3688000000000002
1.3692000000000002
1.3692000000000002
1.3688000000000002
1.3688000000000002
1.3688
1.368
1.368
1.3684000000000003
1.3688
1.3688
1.3688
1.3692000000000002
1.3692000000000002
1.3696000000000002
1.3692000000000002
1.3696
1.37
1.3696
1.3688
1.3688
1.3683999999999998
1.3683999999999998
1.3684
1.368
1.3688
1.3696000000000002
1.3688
1.3684000000000003
1.3684000000000003
1.3692000000000002
1.3692000000000002
1.3696000000000002
1.37
1.3704
1.3704
1.37
1.3696000000000002
1.3696000000000002
1.3704
1.37
1.3704
1.3712
1.3712
1.3712
1.3704
1.3708
1.3716000000000002
1.3716000000000002
1.3712
1.3716000000000002
1.3719999999999999
1.3724
1.372
1.3712
1.3716000000000002
1.3712
1.3712
1.3716000000000002
1.3712000000000002
1.3712000000000002
1.3708000000000002
1.37
1.37
1.3696000000000002
1.3696000000000002
1.37
1.37
1.3696000000000002
1.3696000000000002
1.368
1.3676000000000001
1.3668
1.3668000000000002
1.3664000000000003
1.366
1.366
1.3664
1.3664000000000003
1.366
1.366
1.366
1.3664
1.3664
1.3664
1.3668
1.366
1.3656
1.3656
1.3656
1.3656
1.3656000000000001
1.3656000000000001
1.3648
1.3652000000000002
1.3652000000000002
1.3648000000000002
1.3648
1.3648
1.3656000000000001
1.3652000000000002
1.3644
1.3636
1.3636
1.364
1.364
1.364
1.3648
1.3652000000000002
1.3652000000000002
1.366
1.3656000000000001
1.366
1.3668
1.3668
1.3664000000000003
1.3676000000000001
1.3672000000000002
1.3672000000000002
1.3668000000000002
1.3672000000000002
1.3684000000000003
1.3688000000000002
1.3688000000000002
1.3684000000000003
1.3684000000000003
1.368
1.3672000000000002
1.3672000000000002
1.3672000000000002
1.3664
1.3664
1.366
1.366
1.366
1.3664000000000003
1.3656
1.3652
1.3648
1.3644
1.3648
1.3643999999999998
1.3636
1.3628
1.3624
1.3616000000000001
1.3616000000000001
1.3608000000000002
1.3604
1.3604
1.3604
1.3604
1.3604
1.3604
1.3604
1.3600000000000003
1.3600000000000003
1.3596000000000001
1.3596000000000001
1.3600000000000003
1.3592000000000002
1.3596000000000001
1.3596000000000001
1.36
1.3608000000000002
1.3612
1.3616000000000001
1.3624
1.362
1.362
1.362
1.3616000000000001
1.3616000000000001
1.3616000000000001
1.3612000000000002
1.362
1.3624
1.3628
1.3628
1.3624
1.3624
1.362
1.3628
1.3628
1.3628
1.3624
1.362
1.3624
1.3628
1.3624
1.3632
1.3632000000000002
1.3624
1.3612000000000002
1.3608000000000002
1.3600000000000003
1.3596000000000001
1.3592000000000002
1.3592000000000002
1.3592
1.3588000000000002
1.3584
1.358
1.3576000000000001
1.3568
1.3572
1.3568
1.3564
1.3564
1.3564
1.3552
1.3552
1.3552
1.3548000000000002
1.3548000000000002
1.3552
1.3552
1.3556000000000001
1.356
1.3564
1.3568
1.3572
1.3568000000000002
1.3576000000000001
1.358
1.3576000000000001
1.3576000000000001
1.3576000000000001
1.3576000000000001
1.3572
1.358
1.3588000000000002
1.3600000000000003
1.3612000000000002
1.3612000000000002
1.3612000000000002
1.3608000000000002
1.3608000000000002
1.3600000000000003
1.3596000000000001
1.3592000000000002
1.358
1.358
1.3576000000000001
1.3576000000000001
1.3576000000000001
1.3579999999999999
1.3579999999999999
1.3579999999999999
1.3588000000000002
1.358
1.3572
1.3568000000000002
1.3572000000000002
1.3572000000000002
1.3568000000000002
1.3576000000000004
1.3576000000000001
1.3580000000000003
1.3576000000000001
1.3588000000000002
1.3588000000000002
1.3596000000000001
1.3596000000000001
1.36
1.3604
1.3604
1.36
1.3596000000000001
1.3584
1.3579999999999999
1.358
1.3576000000000001
1.3572
1.3568
1.3572
1.3567999999999998
1.3564
1.3559999999999999
1.3559999999999999
1.3552
1.3559999999999999
1.3552
1.3544
1.3536000000000001
1.354
1.354
1.354
1.3544
1.3552
1.3556000000000001
1.3556000000000001
1.3548
1.354
1.3544
1.354
1.3536000000000001
1.3536000000000001
1.354