-0.007600000000000002
-0.008400000000000003
-0.008400000000000003
-0.007600000000000002
-0.007600000000000002
-0.0072000000000000015
-0.0072000000000000015
-0.007600000000000002
-0.007600000000000002
-0.0072000000000000015
-0.008000000000000002
-0.008000000000000002
-0.008
-0.008400000000000001
-0.008000000000000002
-0.008000000000000002
-0.008000000000000002
-0.008000000000000002
-0.008000000000000002
-0.008000000000000002
-0.007600000000000002
-0.0072000000000000015
-0.0068000000000000005
-0.0072000000000000015
-0.007600000000000002
-0.007600000000000002
-0.008000000000000002
-0.007600000000000002
-0.0068000000000000005
-0.0072000000000000015
-0.0072000000000000015
-0.0072000000000000015
-0.0072000000000000015
-0.007600000000000002
-0.007600000000000002
-0.008
-0.008400000000000001
-0.007600000000000002
-0.008000000000000002
-0.008400000000000003
-0.008400000000000003
-0.008000000000000002
-0.008400000000000003
-0.008400000000000003
-0.008400000000000003
-0.008400000000000003
-0.007600000000000002
-0.008000000000000002
-0.008800000000000002
-0.008400000000000003
-0.008000000000000002
-0.008000000000000002
-0.008000000000000002
-0.007600000000000002
-0.007600000000000002
-0.0068000000000000005
-0.0064
-0.007600000000000002
-0.0068000000000000005
-0.0068000000000000005
-0.0064
-0.0064
-0.0064
-0.0064
-0.0068000000000000005
-0.0068000000000000005
-0.0068000000000000005
-0.0064
-0.005600000000000001
-0.005600000000000001
-0.005200000000000001
-0.005200000000000001
-0.0048000000000000004
-0.0044
-0.0048000000000000004
-0.005600000000000001
-0.005200000000000001
-0.004
-0.0044
-0.0032
-0.0032
-0.0036000000000000008
-0.0032
-0.0024000000000000002
-0.0024000000000000002
-0.002
-0.0024000000000000002
-0.0028000000000000004
-0.0032
-0.0032
-0.004
-0.004
-0.0044
-0.0044
-0.0048000000000000004
-0.0044
-0.004800000000000001
-0.005200000000000001
-0.0048000000000000004
-0.005200000000000001
-0.006000000000000001
-0.006000000000000001
-0.006000000000000001
-0.0064
-0.005600000000000001
-0.0064
-0.0068000000000000005
-0.0068000000000000005
-0.0064
-0.006000000000000001
-0.005600000000000001
-0.005200000000000001
-0.0044
-0.0048000000000000004
-0.0044
-0.004
-0.004
-0.004
-0.0048000000000000004
-0.0048000000000000004
-0.004
-0.0036000000000000008
-0.0036000000000000008
-0.004
-0.004
-0.0036000000000000008
-0.0028000000000000004
-0.0028000000000000004
-0.0032
-0.0036000000000000008
-0.004
-0.0048000000000000004
-0.005200000000000001
-0.005200000000000001
-0.005200000000000001
-0.005600000000000001
-0.0048000000000000004
-0.0044
-0.0044
-0.0044
-0.0044
-0.0044
-0.0048000000000000004
-0.0044
-0.0048000000000000004
-0.0048000000000000004
-0.0048000000000000004
-0.0048000000000000004
-0.0048000000000000004
-0.0044
-0.0036000000000000008
-0.0028000000000000004
-0.0032
-0.0032
-0.0032
-0.0036000000000000008
-0.0044
-0.0048000000000000004
-0.005200000000000001
-0.005600000000000001
-0.006000000000000001
-0.006000000000000001
-0.006000000000000001
-0.0064
-0.006
-0.005600000000000001
-0.006000000000000001
-0.006000000000000001
-0.006000000000000001
-0.0068000000000000005
-0.0072000000000000015
-0.0072000000000000015
-0.0068000000000000005
-0.0072000000000000015
-0.0072000000000000015
-0.0072000000000000015
-0.0068000000000000005
-0.0072000000000000015
-0.0068000000000000005
-0.0072000000000000015
-0.0072000000000000015
-0.0076
-0.0072000000000000015
-0.0072000000000000015
-0.0076
-0.0076
-0.008400000000000001
-0.009200000000000002
-0.009600000000000001
-0.0092
-0.0088
-0.009200000000000002
-0.010000000000000002
-0.0092
-0.0088
-0.008000000000000002
-0.008400000000000001
-0.008
-0.008000000000000002
-0.008000000000000002
-0.0072000000000000015
-0.0072000000000000015
-0.0072000000000000015
-0.0072000000000000015
-0.007600000000000002
-0.008400000000000001
-0.008000000000000002
-0.0072000000000000015
-0.0068000000000000005
-0.0068000000000000005
-0.0072000000000000015
-0.0072000000000000015
-0.0068000000000000005
-0.007600000000000002
-0.007600000000000002
-0.007600000000000002
-0.0072000000000000015
-0.008
-0.008
-0.008
-0.0088
-0.0092
-0.009600000000000001
-0.009600000000000003
-0.009200000000000002
-0.0088
-0.0088
-0.0088
-0.009600000000000001
-0.009600000000000003
-0.010000000000000002
-0.010400000000000001
-0.010400000000000001
-0.010000000000000002
-0.010400000000000001
-0.010800000000000002
-0.010800000000000002
-0.010400000000000001
-0.011200000000000002
-0.010400000000000001
-0.010400000000000003
-0.010400000000000001
-0.010000000000000002
-0.010400000000000001
-0.010800000000000002
-0.010400000000000001
-0.010400000000000001
-0.010000000000000002
-0.0084
-0.008
-0.007600000000000002
-0.0072000000000000015
-0.0064
-0.0064
-0.0068000000000000005
-0.0068000000000000005
-0.0072000000000000015
-0.007600000000000002
-0.0072000000000000015
-0.007600000000000002
-0.007600000000000002
-0.0072000000000000015
-0.008000000000000002
-0.007600000000000002
-0.0072000000000000015
-0.007600000000000002
-0.0068000000000000005
-0.007600000000000002
-0.0088
-0.0092
-0.0092
-0.009600000000000001
-0.010400000000000001
-0.010800000000000002
-0.010400000000000003
-0.009600000000000003
-0.009200000000000002
-0.008000000000000002
-0.008000000000000002
-0.008000000000000002
-0.008
-0.008
-0.0072000000000000015
-0.008
-0.0084
-0.0084
-0.0092
-0.0088
-0.008000000000000002
-0.007600000000000002
-0.0072000000000000015
-0.0072000000000000015
-0.0072000000000000015
-0.0064
-0.0064
-0.007600000000000002
-0.007600000000000002
-0.008400000000000001
-0.0092
-0.0088
-0.0084
-0.008000000000000002
-0.008400000000000001
-0.0076
-0.0072000000000000015
-0.0072000000000000015
-0.0072000000000000015
-0.0068000000000000005
-0.0072
-0.0076
-0.008
-0.008
-0.008000000000000002
-0.008000000000000002
-0.008400000000000003
-0.008000000000000002
-0.0088
-0.008400000000000003
-0.0072000000000000015
-0.008
-0.0088
-0.0088
-0.0088
-0.0092
-0.009200000000000002
-0.009200000000000002
-0.0092
-0.010000000000000002
-0.009600000000000003
-0.009600000000000001
-0.009600000000000001
-0.009200000000000002
-0.009200000000000002
-0.009600000000000003
-0.009200000000000003
-0.009200000000000003
-0.008800000000000002
-0.009600000000000004
-0.009200000000000003
-0.009200000000000002
-0.0088
-0.009200000000000002
-0.009200000000000002
-0.0088
-0.0088
-0.0092
-0.0092
-0.008400000000000003
-0.008800000000000002
-0.009200000000000002
-0.009600000000000001
-0.0092
-0.0092
-0.0092
-0.009200000000000002
-0.009600000000000001
-0.010000000000000002
-0.009600000000000001
-0.009600000000000001
-0.009600000000000003
-0.010000000000000002
-0.010000000000000002
-0.010000000000000002
-0.010000000000000002
-0.009600000000000001
-0.0088
-0.008400000000000003
-0.008800000000000002
-0.008400000000000003
-0.007600000000000002
-0.0072000000000000015
-0.007600000000000002
-0.007600000000000002
-0.0072000000000000015
-0.0064
-0.005600000000000001
-0.0048000000000000004
-0.0048000000000000004
-0.005600000000000001
-0.005600000000000001
-0.005200000000000001
-0.005200000000000001
-0.005200000000000001
-0.005200000000000001
-0.005600000000000001
-0.0064
-0.0072000000000000015
-0.0068000000000000005
-0.0072000000000000015
-0.007600000000000002
-0.0072000000000000015
-0.0072000000000000015
-0.0068000000000000005
-0.0072000000000000015
-0.008000000000000002
-0.008000000000000002
-0.008400000000000003
-0.008400000000000003
-0.008400000000000003
-0.007600000000000002
-0.0076
-0.0076
-0.007600000000000002
-0.007600000000000002
-0.007600000000000002
-0.0068000000000000005
-0.005600000000000001
-0.005600000000000001
-0.005600000000000001
-0.005600000000000001
-0.006000000000000001
-0.006000000000000001
-0.0068000000000000005
-0.0072000000000000015
-0.0076
-0.0076
-0.0076
-0.0076
-0.0072000000000000015
-0.007600000000000002
-0.007600000000000002
-0.007600000000000002
-0.0072000000000000015
-0.0068000000000000005
-0.0068000000000000005
-0.0072000000000000015
-0.0072000000000000015
-0.0072000000000000015
-0.0072000000000000015
-0.0068000000000000005
-0.0072000000000000015
-0.007600000000000002
-0.0072000000000000015
-0.0068000000000000005
-0.0064
-0.0072000000000000015
-0.0072000000000000015
-0.0072000000000000015
-0.0072000000000000015
-0.0068000000000000005
-0.0068000000000000005
-0.0068000000000000005
-0.0068000000000000005
-0.0068000000000000005
-0.0068000000000000005
-0.0068000000000000005
-0.0068000000000000005
-0.0068000000000000005
-0.0064
-0.0068000000000000005
-0.005600000000000001
-0.005600000000000001
-0.005600000000000001
-0.006
-0.005600000000000001
-0.0048000000000000004
-0.0048000000000000004
-0.0048000000000000004
-0.0048000000000000004
-0.005200000000000001
-0.0048000000000000004
-0.0044
-0.0044
-0.0048000000000000004
-0.0044
-0.0048000000000000004
-0.005600000000000001
-0.006
-0.0064
-0.006400000000000002
-0.0072000000000000015
-0.0072000000000000015
-0.0072000000000000015
-0.0068000000000000005
-0.0072000000000000015
-0.0072000000000000015
-0.0072000000000000015
-0.0068000000000000005
-0.0072000000000000015
-0.0068000000000000005
-0.0072000000000000015
-0.007600000000000002
-0.008000000000000002
-0.008400000000000003
-0.009200000000000002
-0.008800000000000002
-0.008000000000000002
-0.007600000000000002
-0.0072000000000000015
-0.0072000000000000015
-0.0072000000000000015
-0.0064
-0.005600000000000001
-0.005600000000000001
-0.005200000000000001
-0.006
-0.006
-0.0064
-0.006000000000000001
-0.006000000000000001
-0.005600000000000001
-0.005600000000000001
-0.006000000000000001
-0.005600000000000001
-0.005200000000000001
-0.005200000000000001
-0.005600000000000001
-0.005600000000000001
-0.006
-0.005600000000000001
-0.005600000000000001
-0.005600000000000001
-0.0064
-0.006000000000000001
-0.0064
-0.005600000000000001
-0.005600000000000001
-0.005600000000000001
-0.006000000000000001
-0.0068000000000000005
-0.0068000000000000005
-0.0068000000000000005
-0.006000000000000001
-0.0064
-0.006
-0.006
-0.005600000000000001
-0.005600000000000001
-0.005600000000000001
-0.0064
-0.0068000000000000005
-0.0072000000000000015
-0.0072000000000000015
-0.007600000000000002
-0.0072000000000000015
-0.008000000000000002
-0.0072000000000000015
-0.0072000000000000015
-0.0064
-0.0056
-0.006
-0.006000000000000002
-0.006000000000000002
-0.006000000000000001
-0.0064
-0.006
-0.006
-0.0064
-0.0064
-0.005600000000000001
-0.005200000000000001
-0.005200000000000001
-0.005600000000000001
-0.005200000000000001
-0.005200000000000001
-0.0048000000000000004
-0.005200000000000001
-0.0048000000000000004
-0.005200000000000001
-0.005600000000000001
-0.0048000000000000004
-0.0044
-0.0048000000000000004
-0.0044
-0.0048000000000000004
-0.005600000000000001
-0.006
-0.005600000000000001
-0.006000000000000001
-0.0068000000000000005
-0.0072000000000000015
-0.0072000000000000015
-0.0064
-0.0068000000000000005
-0.0068000000000000005
-0.0072000000000000015
-0.007600000000000002
-0.008400000000000001
-0.0088
-0.0088
-0.009600000000000001
-0.010000000000000002
-0.010400000000000001
-0.0108
-0.011200000000000002
-0.011200000000000002
-0.010800000000000002
-0.010800000000000002
-0.010400000000000001
-0.010400000000000001
-0.010400000000000001
-0.010400000000000001
-0.010800000000000002
-0.010800000000000002
-0.011200000000000002
-0.011200000000000002
-0.010800000000000002
-0.010000000000000002
-0.009600000000000004
-0.009600000000000003
-0.009600000000000003
-0.010000000000000002
-0.009600000000000001
-0.009200000000000002
-0.008
-0.008000000000000002
-0.008400000000000003
-0.0088
-0.008400000000000001
-0.008
-0.0076
-0.007600000000000002
-0.007600000000000002
-0.008000000000000002
-0.007600000000000002
-0.0072000000000000015
-0.0076
-0.008400000000000001
-0.008400000000000001
-0.0088
-0.0088
-0.008
-0.008
-0.008
-0.008
-0.0072
-0.0072
-0.0068000000000000005
-0.0068000000000000005
-0.0072000000000000015
-0.0068000000000000005
-0.0068000000000000005
-0.0072
-0.0064
-0.0068000000000000005
-0.0068000000000000005
-0.0068000000000000005
-0.0064
-0.0064
-0.006
-0.0064
-0.0072000000000000015
-0.007600000000000002
-0.007600000000000002
-0.007600000000000002
-0.008000000000000002
-0.008000000000000002
-0.008400000000000003
-0.009200000000000003
-0.009200000000000002
-0.009600000000000001
-0.010000000000000002
-0.009600000000000001
-0.010000000000000002
-0.010400000000000001
-0.010400000000000001
-0.010400000000000001
-0.010400000000000001
-0.010400000000000001
-0.009600000000000003
-0.008800000000000002
-0.008400000000000003
-0.007600000000000002
-0.007600000000000002
-0.007600000000000002
-0.007600000000000002
-0.0072000000000000015
-0.0072000000000000015
-0.0064
-0.005600000000000001
-0.005600000000000001
-0.0048000000000000004
-0.0048000000000000004
-0.0036000000000000008
-0.0032
-0.0032
-0.0032
-0.002
-0.0016
-0.0024000000000000002
-0.0024000000000000002
-0.0024000000000000002
-0.0032
-0.0032
-0.0032
-0.0028000000000000004
-0.0024000000000000002
-0.002
-0.0024000000000000002
-0.0032
-0.0032
-0.0036000000000000008
-0.0032
-0.0048000000000000004
-0.005200000000000001
-0.005200000000000001
-0.0048000000000000004
-0.005600000000000001
-0.006000000000000001
-0.005600000000000001
-0.0064
-0.006
-0.005200000000000001
-0.005200000000000001
-0.005600000000000001
-0.005600000000000001
-0.0068000000000000005
-0.0068000000000000005
-0.0068000000000000005
-0.0064
-0.0064
-0.0064
-0.0068000000000000005
-0.006000000000000002
-0.006000000000000001
-0.005600000000000001
-0.0064
-0.0068000000000000005
-0.0072000000000000015
-0.0076
-0.0072000000000000015
-0.007600000000000002
-0.008000000000000002
-0.007600000000000002
-0.007600000000000002
-0.0088
-0.008400000000000003
-0.008800000000000002
-0.009200000000000003
-0.009200000000000003
-0.008800000000000002
-0.008800000000000002
-0.009200000000000002
-0.010400000000000001
-0.010000000000000002
-0.010400000000000001
-0.010000000000000002
-0.010400000000000001
-0.009600000000000001
-0.0092
-0.0092
-0.009600000000000003
-0.009200000000000002
-0.009600000000000003
-0.009600000000000003
-0.0088
-0.009600000000000001
-0.010000000000000002
-0.010000000000000002
-0.010400000000000001
-0.010800000000000002
-0.011200000000000002
-0.010800000000000002
-0.009600000000000003
-0.009600000000000003
-0.009600000000000003
-0.009600000000000003
-0.009600000000000001
-0.010000000000000002
-0.010400000000000001
-0.010400000000000001
-0.010000000000000002
-0.010400000000000003
-0.010000000000000002
-0.010000000000000002
-0.009600000000000004
-0.008800000000000002
-0.008000000000000002
-0.008000000000000002
-0.007600000000000002
-0.0076
-0.0068000000000000005
-0.006000000000000001
-0.0064
-0.0068000000000000005
-0.0068000000000000005
-0.0064
-0.006000000000000001
-0.005600000000000001
-0.005600000000000001
-0.006000000000000001
-0.0064
-0.0068000000000000005
-0.0068000000000000005
-0.0068000000000000005
-0.0068000000000000005
-0.0068000000000000005
-0.0072000000000000015
-0.0068000000000000005
-0.0064
-0.0064
-0.0068000000000000005
-0.0068000000000000005
-0.0064
-0.005600000000000001
-0.0048000000000000004
-0.005200000000000001
-0.0048000000000000004
-0.005200000000000001
-0.005600000000000001
-0.005600000000000001
-0.005200000000000001
-0.0044
-0.0044
-0.004
-0.0044
-0.004
-0.004
-0.004
-0.0048000000000000004
-0.0044
-0.0044
-0.005200000000000001
-0.005600000000000001
-0.005600000000000001
-0.0064
-0.0068000000000000005
-0.0068000000000000005
-0.0064
-0.0064
-0.006
-0.0064
-0.0068000000000000005
-0.0072000000000000015
-0.0076
-0.0072
-0.0072
-0.0072000000000000015
-0.0072000000000000015
-0.0064
-0.0064
-0.006
-0.0064
-0.0064
-0.0072000000000000015
-0.0072000000000000015
-0.0068000000000000005
-0.0068000000000000005
-0.0072000000000000015
-0.0068000000000000005
-0.0072000000000000015
-0.0064
-0.005600000000000001
-0.005200000000000001
-0.005200000000000001
-0.005600000000000001
-0.006000000000000002
-0.006000000000000002
-0.005600000000000001
-0.0064
-0.0068000000000000005
-0.0072000000000000015
-0.0068000000000000005
-0.0064
-0.006
-0.006
-0.005600000000000001
-0.005200000000000001
-0.005200000000000001
-0.0048000000000000004
-0.004
-0.0044
-0.005200000000000001
-0.006
-0.005600000000000001
-0.005600000000000001
-0.005600000000000001
-0.005600000000000001
-0.006
-0.005600000000000001
-0.005200000000000001
-0.0048000000000000004
-0.004
-0.0044
-0.004
-0.004
-0.0044
-0.005200000000000001
-0.0048000000000000004
-0.005600000000000001
-0.0064
-0.0064
-0.006
-0.005200000000000001
-0.005200000000000001
-0.005200000000000001
-0.005200000000000001
-0.005200000000000001
-0.005200000000000001
-0.0048000000000000004
-0.005200000000000001
-0.005200000000000001
-0.0068000000000000005
-0.0068000000000000005
-0.0072000000000000015
-0.0068000000000000005
-0.006
-0.006
-0.0064
-0.006000000000000001
-0.006000000000000001
-0.006000000000000001
-0.0064
-0.0064
-0.0068000000000000005
-0.006400000000000002
-0.0068000000000000005
-0.0068000000000000005
-0.0068000000000000005
-0.0068000000000000005
-0.0064
-0.0064
-0.005600000000000001
-0.005200000000000001
-0.005200000000000001
-0.005600000000000001
-0.006000000000000002
-0.005200000000000001
-0.0044
-0.0044
-0.004
-0.0036000000000000008
-0.0032
-0.0036000000000000008
-0.0032
-0.0036000000000000008
-0.0028000000000000004
-0.0028000000000000004
-0.0028000000000000004
-0.0028000000000000004
-0.0032
-0.0032
-0.0032
-0.0036000000000000008
-0.0036000000000000008
-0.004
-0.0044
-0.005200000000000001
-0.006
-0.0068000000000000005
-0.0072000000000000015
-0.0072000000000000015
-0.0072000000000000015
-0.0072000000000000015
-0.0088
-0.0088
-0.009200000000000002
-0.009600000000000001
-0.010000000000000002
-0.010400000000000001
-0.0104
-0.0108
-0.010800000000000002
-0.010800000000000002
-0.010800000000000002
-0.010400000000000003
-0.010000000000000002
-0.009600000000000003
-0.009600000000000004
-0.008800000000000002
-0.008800000000000002
-0.009600000000000003
-0.010000000000000002
-0.009200000000000002
-0.008000000000000002
-0.007600000000000002
-0.008000000000000002
-0.0068000000000000005
-0.005600000000000001
-0.005200000000000001
-0.0048000000000000004
-0.005600000000000001
-0.005600000000000001
-0.006
-0.005600000000000001
-0.005600000000000001
-0.006
-0.0064
-0.0064
-0.006
-0.005200000000000001
-0.0048000000000000004
-0.0044
-0.0044
-0.0044
-0.005200000000000001
-0.0048000000000000004
-0.005600000000000001
-0.0064
-0.0064
-0.0068000000000000005
-0.006
-0.006
-0.005200000000000001
-0.005600000000000001
-0.005600000000000001
-0.005200000000000001
-0.005600000000000001
-0.006
-0.0068000000000000005
-0.0068000000000000005
-0.0064
-0.006
-0.005200000000000001
-0.0024000000000000007
0.0012000001000000001
0.00600000045
0.011600000450000002
0.018800000450000003
0.026800000950000003
0.036400001950000004
0.04720000195000001
0.05960000245
0.07200000295
0.08600000345000001
0.10040000345000002
0.11520000345000002
0.13200000445
0.14960000595
0.16720000745000002
0.18480000895000004
0.20320001045000002
0.22120001195000005
0.23880001295
0.25560001295
0.27240001385000007
0.288000014
0.30320001510000005
0.31720001555000005
0.33040001630000004
0.34240001655
0.3540000179
0.3644000181
0.3744000183
0.3836000193
0.3924000208
0.40080002160000006
0.40840002225000005
0.41480002155
0.42200002100000006
0.42840002045000003
0.43440002070000006
0.44040002094999997
0.44640002105000004
0.45280002224999993
0.45840002165
0.46400002235
0.4688000216499999
0.4736000224
0.47840002319999997
0.4836000218
0.4884000211
0.49240002025000007
0.49720002105000005
0.5008000194000001
0.5056000202
0.5096000209000001
0.5132000207500002
0.5176000222500001
0.5212000236000001
0.52520002275
0.52920002195
0.5328000203000001
0.53640002015
0.5396000207
0.5432000220500001
0.5460000218
0.5500000239499999
0.5536000253
0.556400025
0.5592000277000001
0.56200002745
0.56480003015
0.56760002985
0.5712000312
0.5732000293
0.5760000289999999
0.5788000286999999
0.5812000275999999
0.5840000273
0.5864000292
0.5884000302500001
0.59120003295
0.593200034
0.5952000350500001
0.59760003395
0.6000000357999999
0.60120003525
0.6028000355
0.6056000352
0.6076000333
0.6092000335500001
0.61160003245
0.6128000319
0.61440003215
0.6168000339999999
0.61880003505
0.6204000353
0.62160003475
0.6228000342
0.62400003365
0.6256000339000001
0.62680003335
0.62880003145
0.63040002875
0.6316000281999999
0.6332000254999999
0.6352000235999999
0.6372000217
0.63800002035
0.6400000214
0.64160002165
0.6436000227500001
0.6456000238
0.6476000249
0.64840002355
0.6500000238500001
0.6516000241000001
0.6540000260000001
0.6560000271
0.65760002735
0.6592000276500001
0.6608000279500001
0.6628000290000001
0.6644000292500001
0.6664000303000001
0.66800003055
0.6700000316000001
0.6716000318500002
0.6736000329
0.6744000315500001
0.6756000310000001
0.6764000296
0.6784000307
0.6792000293
0.6816000312
0.6828000306500001
0.68520002955
0.68600002815
0.6872000276
0.6892000287000001
0.69040002815
0.6916000276000001
0.6928000270500001
0.6936000287000001
0.6948000281500001
0.6960000306
0.6972000300500001
0.6980000317
0.6988000333500001
0.7004000336
0.7020000338500001
0.7032000332999999
0.7036000311
0.70480003055
0.7056000292000001
0.7064000278
0.70680002865
0.7088000297500001
0.7104000300000001
0.7108000278000001
0.7120000272500001
0.7132000267
0.7140000283500001
0.7152000278000001
0.7160000294500001
0.7176000297000001
0.7184000313500001
0.7200000316000001
0.7216000318500001
0.7228000343000001
0.7248000354
0.7264000357000001
0.7272000373500002
0.7284000398000001
0.7292000414000002
0.7308000417000002
0.7320000411500002
0.7328000398000002
0.7336000384500002
0.7352000387500003
0.7360000403500002
0.7376000406000002
0.7384000392500002
0.7396000387000002
0.7404000373500002
0.7404000373500002
0.7416000368000002
0.7424000354500002
0.7428000333000002
0.7432000311500002
0.7432000311500002
0.7436000319500001
0.7448000314000001
0.7452000292500002
0.7460000279000001
0.7460000279000001
0.7464000287000001
0.7468000295000001
0.7480000289500002
0.7484000297500001
0.7492000284000001
0.7500000270500001
0.7512000265000002
0.7520000281000002
0.7528000297000002
0.7544000270000002
0.7548000278000002
0.7548000278000002
0.7560000272500003
0.7568000288500002
0.7576000275000002
0.7584000261500002
0.7588000269500003
0.7600000264000002
0.7612000258500002
0.7620000274500002
0.7628000261000002
0.7640000255500001
0.7644000263500002
0.7656000258000001
0.7664000244500001
0.7664000244500001
0.7660000266000001
0.7664000244500001
0.7672000231
0.7676000239
0.7684000225500002
0.7696000220000001
0.7700000228000001
0.77080002145
0.7712000222500001
0.7720000238500001
0.7732000233000001
0.7740000249000001
0.7740000249000001
0.7752000243500001
0.7760000259500002
0.7760000259500002
0.7764000267500002
0.7772000283500001
0.7780000299500002
0.7788000315500002
0.7804000318000002
0.7816000342000001
0.7824000358000002
0.7836000352500001
0.7840000360500001
0.7852000355000001
0.7864000349500001
0.7868000357500001
0.7876000373500001
0.7884000360000001
0.78920003465
0.78960003545
0.7908000349000001
0.7912000357000001
0.7916000365000001
0.7932000367500001
0.7936000375500001
0.7944000362000001
0.7952000348500001
0.7960000335
0.79640003135
0.7972000300000001
0.7980000286500002
0.7980000286500002
0.7992000281000001
0.7996000289
0.8000000297000001
0.8008000283500002
0.8012000262000001
0.8016000270000003
0.8016000270000001
0.8028000264500001
0.8036000280500002
0.8048000275000002
0.8052000253500001
0.8052000253500001
0.8060000240000001
0.8056000232000001
0.8060000240000001
0.8060000240000001
0.8068000256000002
0.8068000256000002
0.8072000264000002
0.8080000280000003
0.808000028
0.8084000288000001
0.8088000296000001
0.8092000304000001
0.8100000320000001
0.8100000320000001
0.8108000336000001
0.8108000336000001
0.8104000328000002
0.810000032
0.8108000336000001
0.8112000344000002
0.8120000360500002
0.8128000376500002
0.8136000393
0.8148000417500001
0.8144000409500001
0.8148000417500001
0.8148000417500001
0.8148000417500001
0.8152000425499999
0.8156000433999999
0.81600004425
0.8168000459
0.81720004675
0.8180000484000001
0.8180000484000001
0.8188000470500001
0.8200000464999999
0.8212000459500001
0.8220000446000001
0.82280004325
0.82320004105
0.8240000397
0.8244000375000002
0.8248000353000002
0.8260000347500003
0.8268000334000002
0.8272000342500002
0.8280000329000002
0.82840003375
0.8288000315500001
0.82880003155
0.8292000293499999
0.8292000293499999
0.8300000279500002
0.8312000274000001
0.8312000274
0.8312000274
0.8316000282000001
0.8316000282000001
0.8312000304
0.8316000312
0.8320000320000003
0.8328000336500001
0.8328000336500001
0.8332000344500001
0.8340000361000002
0.8348000347000002
0.8352000355000002
0.83640003495
0.8376000374000001
0.8384000360000002
0.8388000368
0.8396000354
0.8400000362499999
0.8400000362500001
0.8404000370500001
0.8412000386999999
0.8412000386999999
0.8416000395000002
0.84280003895
0.8436000406
0.8444000422500001
0.8444000422500001
0.8452000438999999
0.84560004475
0.84560004475
0.8464000464
0.8468000472499999
0.84720004805
0.8468000472499999
0.8472000480999999
0.84800004975
0.8488000514
0.8488000514
0.8496000530499999
0.8504000546999999
0.8504000546999999
0.85120005635
0.8516000572
0.852000058
0.852000058
0.8516000572
0.852000058
0.8524000588
0.8532000574
0.8532000574
0.8532000574000002
0.8540000560000002
0.8544000538000001
0.8548000546
0.8552000554
0.8556000532000001
0.8552000524000001
0.8564000518499999
0.8560000510500001
0.8552000494000002
0.8556000502000001
0.8556000502000001
0.8564000488
0.8564000488
0.8568000466
0.8576000451999999
0.8580000430000001
0.8584000408
0.8580000429999999
0.8588000416
0.8592000394
0.8592000394
0.85960004025
0.8608000397
0.8612000375000002
0.8616000383500002
0.8628000378
0.8624000369500001
0.8636000364000002
0.8652000367
0.8660000353499999
0.8668000339999999
0.86760003565
0.8684000343
0.8688000351499998
0.8692000359999998
0.8692000360000001
0.8700000376500001
0.8708000363
0.87120003715
0.8716000380000001
0.87200003885
0.8720000388499998
0.87160003805
0.8724000397
0.8724000397
0.8728000405
0.8732000413500001
0.8736000421499999
0.8736000421499999
0.8736000421499999
0.8736000421499999
0.8728000405
0.8736000421000001
0.8740000428999999
0.8744000437000001
0.87520004535
0.87520004535
0.8756000461500002
0.8756000461500002
0.87600004695
0.87640004775
0.87680004855
0.8772000493500001
0.8772000493500001
0.8780000509500001
0.8784000517500001
0.8788000525499999
0.8792000533500002
0.8792000533500002
0.88000005495
0.88040005575
0.8812000574000001
0.8808000566
0.8816000552500001
0.8820000560500001
0.8824000568500001
0.8824000568500001
0.8828000576499999
0.88360005925
0.8840000600500002
0.88440006085
0.88440006085
0.8848000616500002
0.88520006245
0.88520006245
0.88520006245
0.8856000632500003
0.8860000611000001
0.8872000605500001
0.8876000584
0.88840005705
0.88840005705
0.8892000556999999
0.88880005785
0.88880005785
0.88880005785
0.8896000565
0.8896000565000002
0.8896000565000002
0.8896000565000002
0.8900000543500002
0.8908000530000001
0.8908000530000001
0.8912000508500001
0.8916000487
0.89200004655
0.8924000444000001
0.89200004655
0.89200004655
0.89200004655
0.8916000486999999
0.89280004815
0.8920000495
0.89240004735
0.893200046
0.8940000446499999
0.8936000468
0.89440004545
0.89440004545
0.8944000454500002
0.89440004545
0.89520004705
0.8964000465000002
0.8968000473000001
0.8968000473000001
0.8968000473000001
0.8972000481000001
0.89800004675
0.8980000467499999
0.8980000467499999
0.8988000454
0.8988000454
0.9000000448500001
0.9004000456500001
0.9000000448500001
0.9000000448500001
0.9008000435
0.9012000443
0.90160004215
0.9024000407999999
0.9032000424
0.9024000407999999
0.9020000400000001
0.9020000400000001
0.9028000416000002
0.9028000416000002
0.9024000407999999
0.9020000400000001
0.9024000407999999
0.9028000415999999
0.9028000415999999
0.9028000415999999
0.9028000415999999
0.9028000415999999
0.9036000432
0.904000044
0.904000044
0.904000044
0.9044000448000002
0.9048000456
0.9048000456
0.9056000472000001
0.9060000480000001
0.9064000488000001
0.9064000488000001
0.9064000488000001
0.9072000504000002
0.9076000512000001
0.90840004985
0.9088000506500002
0.90880005065
0.90920005145
0.9100000501000001
0.9104000509000001
0.9100000501000001
0.9096000493
0.9100000501000001
0.9100000501000001
0.9096000493
0.91000004715
0.9096000463500001
0.9096000463500001
0.9100000441999999
0.91040004205
0.9108000398999998
0.9116000414999998
0.9112000407
0.9116000414999998
0.9108000428499999
0.9108000428499999
0.9112000436500001
0.91080004285
0.9104000450000002
0.9104000450000002
0.9108000458000002
0.9120000452500001
0.9124000431000003
0.9124000431000003
0.9132000447000002
0.9128000468500002
0.9128000468500002
0.9132000446999999
0.91240004605
0.91240004605
0.91240004605
0.9128000438999999
0.9128000438999999
0.9132000417499999
0.9136000425499999
0.9140000403999999
0.91440003825
0.91440003825
0.9152000369
0.91560003475
0.9160000326
0.9152000339499999
0.9144000352999999
0.9148000331500001
0.9152000309999999
0.9148000302
0.9152000309999999
0.9152000309999999
0.9156000318
0.9152000339499999
0.9148000361000002
0.91440003825
0.9148000390500002
0.9144000412000001
0.9144000412000003
0.9144000412000001
0.9140000433500002
0.9152000428000001
0.9144000441500002
0.9140000463000002
0.9140000463
0.9144000441500002
0.91480004495
0.9144000471000002
0.9144000471000002
0.9148000479
0.9148000479
0.9148000479
0.9148000479
0.9152000457500002
0.9156000436
0.9160000414500001
0.9168000401
0.9176000387500001
0.9176000387500001
0.9176000387500001
0.9184000374000001
0.9180000366000001
0.91840003445
0.9188000323
0.9188000323
0.9192000331
0.9196000309499999
0.9196000309500001
0.9196000309500001
0.9204000296000001
0.9208000274499999
0.9208000274499999
0.9216000260999998
0.9220000269
0.9216000290499999
0.9216000290499999
0.92120002825
0.9204000296000001
0.92080002745
0.9208000274499999
0.92040002665
0.92040002665
0.92040002665
0.9208000274499999
0.9204000296000001
0.9200000287999999
0.9204000296000001
0.9200000287999999
0.9200000287999999
0.9196000280000001
0.9196000280000001
0.9196000280000001
0.9192000272
0.9188000264
0.9188000264
0.9188000264
0.9192000272
0.92000002585
0.92000002585
0.9196000280000001
0.9192000301500001
0.9192000301500001
0.9192000301499998
0.9184000314999999
0.91880002935
0.91880002935
0.9180000307
0.91880002935
0.91880002935
0.9184000314999999
0.9184000314999999
0.9188000323
0.9188000323
0.9192000331
0.9196000309499999
0.9200000317499999
0.9200000317499999
0.9196000309499999
0.9196000309499999
0.9208000303999999
0.9216000290499999
0.92240003065
0.9228000314500001
0.9236000301000001
0.9240000308999999
0.9240000308999999
0.92440002875
0.92440002875
0.92440002875
0.9248000265999998
0.9252000274000001
0.9252000274000001
0.9252000274000001
0.9248000265999998
0.9252000273999998
0.9248000265999998
0.9244000258
0.9248000265999998
0.9252000274000001
0.9248000266
0.9248000266
0.924000025
0.92280002555
0.9220000269
0.9220000269
0.9220000269
0.9220000269
0.9224000277000001
0.9224000277000001
0.9220000298500001
0.92160002905
0.92120002825
0.92120002825
0.92200002985
0.9216000290499999
0.92240003065
0.92280003145
0.92280003145
0.9220000328000002
0.921600032
0.921600032
0.921600032
0.9228000314500001
0.9240000308999999
0.9236000301000001
0.9240000308999999
0.9236000330500002
0.92320003225
0.92320003225
0.9240000308999999
0.9244000317
0.9248000325
0.9252000333
0.9240000338500001
0.9240000338500001
0.92320003225
0.9224000336
0.9224000336
0.92280003145
0.92280003145
0.92280003145
0.92280003145
0.92240003065
0.9216000290499999
0.9216000290499999
0.9212000282499999
0.9220000268999998
0.9220000268999998
0.9224000276999998
0.9220000268999998
0.9220000268999998
0.9220000269
0.9216000261
0.9216000261
0.9216000261
0.9220000269
0.9224000247499999
0.9224000247499999
0.9224000247499999
0.9224000247499999
0.9220000239499999
0.9216000261
0.9216000261
0.92120002825
0.92120002825
0.92120002825
0.9208000274499999
0.9208000274499999
0.92040002665
0.92040002665
0.9196000280000001
0.9192000271999998
0.9196000280000001
0.9200000258499998
0.9196000280000001
0.9192000271999998
0.9192000271999998
0.9192000271999998
0.9196000280000001
0.9200000287999999
0.9200000287999999
0.92040002665
0.9208000274499999
0.9212000253
0.9212000253
0.9212000253
0.9220000269
0.9224000276999998
0.9224000276999998
0.9224000276999998
0.9232000263499999
0.9232000263499999
0.9224000276999998
0.9224000276999998
0.9220000269
0.9220000269
0.9220000269
0.9216000260999998
0.9216000260999998
0.9212000253
0.9212000253
0.9212000253
0.9212000253
0.9216000260999998
0.9220000269
0.9224000276999998
0.9216000260999998
0.9216000260999998
0.9216000260999998
0.9216000260999998
0.9212000253
0.9212000253
0.9220000239499999
0.9220000239499999
0.9228000225999999
0.9224000247499999
0.9220000269
0.92160002905
0.92120002825
0.92120002825
0.9208000304000001
0.9208000304000001
0.9204000296000001
0.9200000288000001
0.9196000280000001
0.9192000271999998
0.9192000271999998
0.9192000271999998
0.9196000279999998
0.9200000287999999
0.9200000287999999
0.9204000295999999
0.9200000287999999
0.9208000303999999
0.9204000325499999
0.9212000312000002
0.92160002905
0.92160002905
0.92160002905
0.92160002905
0.9220000269
0.9224000276999998
0.9224000276999998
0.9224000276999998
0.9224000276999998
0.9220000298500001
0.9220000298500001
0.9216000290499999
0.92120002825
0.9208000274499999
0.9208000274499999
0.9196000280000001
0.9192000301499998
0.91880002935
0.91880002935
0.9180000307
0.9176000328499999
0.9176000328500001
0.9172000350000001
0.9172000350000001
0.91680003715
0.9160000385
0.9160000385
0.9156000406500002
0.9152000428000001
0.9152000428000001
0.9152000428000001
0.9152000428000001
0.9152000428000001
0.91480004495
0.91480004495
0.9160000444
0.9164000422499999
0.9156000436
0.9156000436
0.9160000414499999
0.9164000392999999
0.9164000393
0.9164000393
0.9160000414500001
0.9168000401
0.91720003795
0.9168000401
0.9172000379500003
0.91680003715
0.91680003715
0.91680003715
0.9164000393
0.9160000414500001
0.9168000401
0.9160000414500001
0.9152000428000001
0.9152000428000001
0.9152000428000001
0.9156000406500001
0.9156000406500001
0.9156000406500001
0.9156000406500001
0.9160000385
0.9160000385
0.9152000398500001
0.9160000414500001
0.9164000392999999
0.9160000414500001
0.9168000401
0.9168000401
0.9164000422500002
0.9168000401
0.91720003795
0.9164000393
0.9168000401
0.9168000401
0.9164000422500002
0.9168000401
0.9168000401
0.9160000414500001
0.9156000436
0.9160000414500001
0.9160000414500001
0.9160000414500001
0.9164000392999999
0.9152000398500001
0.9152000398500001
0.9156000377
0.9156000377
0.91600003555
0.91600003555
0.9156000377
0.9156000377
0.91600003555
0.91600003555
0.9164000334
0.9164000334000001
0.9156000347500002
0.9152000369
0.91600003555
0.91600003555
0.9164000363500002
0.9164000363500002
0.9168000342
0.91600003555
0.91600003555
0.91600003555
0.9156000377000002
0.9152000398500001
0.9152000398500001
0.9156000377
0.91640003635
0.9160000385
0.9156000406500001
0.9156000406500002
0.9152000428000001
0.9156000406500001
0.9164000393
0.91680003715
0.91680003715
0.91640003635
0.9156000377
0.9156000377
0.9152000398500001
0.9160000385
0.9160000385
0.9160000385
0.91640003635
0.9168000342
0.91640003635
0.9160000385
0.9156000377
0.91600003555
0.91600003555
0.9164000334000001
0.9168000312499999
0.9164000334000001
0.9156000347500002
0.9148000361000002
0.91440003825
0.9148000390500001
0.9152000369
0.9152000369
0.9156000347500002
0.9156000347500002
0.9152000339499999
0.9148000360999999
0.91440003825
0.9140000404
0.9140000404
0.9140000404
0.9136000425500002
0.9132000447000002
0.9128000439000001
0.9120000452500001
0.9120000452500001
0.9116000444500001
0.9120000452500001
0.9124000460500001
0.9128000439000001
0.9128000439000001
0.9124000460500001
0.9120000482000002
0.9116000503500001
0.9112000525000001
0.9120000511500002
0.9120000511500002
0.912400049
0.912400049
0.9128000468500002
0.9128000468500002
0.9128000468500002
0.9128000468500002
0.9136000455000002
0.9140000463
0.9140000463
0.91480004495
0.9152000428000001
0.9156000406499999
0.9156000406499999
0.9156000406499999
0.9160000385
0.9164000363499998
0.9168000342
0.9168000342
0.917200035
0.917200035
0.91640003635
0.9164000363500002
0.9160000385
0.9156000377000002
0.91600003555
0.9164000334000001
0.91600003555
0.91600003555
0.9152000369
0.91440003825
0.9140000404000003
0.9140000404
0.9136000425500002
0.9136000425500002
0.9136000425500002
0.91400004335
0.91400004335
0.9144000412000001
0.9132000417500001
0.9136000396
0.9136000396
0.9136000396
0.91400003745
0.91440003825
0.9140000404
0.9140000404
0.9140000404
0.91440003825
0.9152000369
0.91600003555
0.91560003475
0.9152000369
0.9144000352999999
0.9144000352999999
0.91400003745
0.9132000388
0.9128000409500001
0.9128000409500001
0.9128000409500001
0.9124000431000001
0.9128000439000001
0.9128000439000001
0.9120000452500001
0.9120000452500001
0.9120000452500001
0.9116000474000002
0.9116000474000002
0.9108000487500002
0.9100000501000003
0.90920005145
0.9100000501000001
0.9100000501000001
0.9112000495500001
0.9112000495500001
0.9108000487500001
0.9112000466
0.9112000466
0.9104000479500001
0.9104000479500001
0.91000004715
0.91000004715
0.9096000463500001
0.91000004715
0.91000004715
0.9096000463500001
0.9088000447500001
0.90800004315
0.9084000439500001
0.9084000439500001
0.9092000426000001
0.9084000439500001
0.9088000418000001
0.90800004315
0.9084000409999998
0.9084000409999998
0.9076000423499999
0.90760004235
0.90760004235
0.90720004155
0.9080000402
0.9080000402
0.908400041
0.9080000402
0.9080000402
0.9084000410000002
0.9088000418000001
0.9096000434000001
0.9092000426000002
0.9096000434000001
0.9088000447500001
0.9088000447500001
0.9084000469000002
0.9080000461000002
0.9080000461000002
0.9084000469
0.9088000477000002
0.9084000469
0.9088000477000002
0.9092000485
0.90840004985
0.90800004905
0.9084000469
0.9088000477000002
0.9096000463500001
0.9096000463500001
0.9108000458
0.9104000450000002
0.9108000458000002
0.9108000458000002
0.9112000466000002
0.9116000474000002
0.9112000466000002
0.91240004605
0.9120000482000002
0.9116000474
0.9112000466000002
0.9112000466000002
0.9108000458
0.9112000466000002
0.9116000474
0.9112000466000002
0.9108000487500001
0.9108000487500001
0.9092000485
0.9088000477000002
0.90760004825
0.90760004825
0.90760004825
0.90760004825
0.90760004825
0.9072000474500002
0.9072000474500002
0.9064000488000001
0.9064000488000001
0.9068000496000002
0.9068000496000002
0.9072000504000002
0.9076000512000001
0.9072000504000002
0.9064000488000001
0.9068000496
0.9064000488000001
0.9064000488000001
0.9068000496
0.9068000496
0.9072000504000001
0.9076000512000001
0.9072000504000001
0.9068000496
0.9064000488000001
0.9064000488000001
0.9064000488000001
0.9068000496
0.9064000488000001
0.9064000488000001
0.9072000474500002
0.9072000474500002
0.9068000466499999
0.9068000466499999
0.9072000474500002
0.9072000474500002
0.90760004825
0.9080000461000002
0.9080000461000002
0.9076000452999999
0.9072000445000001
0.9072000445000001
0.9072000445000001
0.9076000452999999
0.9076000452999999
0.9076000452999999
0.9076000452999999
0.9068000437000001
0.9068000437000001
0.9064000429000001
0.9056000442500001
0.9056000442500001
0.9060000450500001
0.9060000450500001
0.9056000442500001
0.9056000442500001
0.9056000442500001
0.9044000448
0.9044000448
0.9052000464000001
0.9052000464000001
0.9056000442500001
0.9060000450500001
0.9056000442500001
0.90520004345
0.90520004345
0.90520004345
0.9064000429000001
0.9064000429000001
0.9068000437000001
0.9068000437000001
0.9064000429000001
0.9064000429000001
0.9064000429000001
0.9072000445000001
0.9076000453000002
0.9076000453000002
0.9088000447500001
0.9092000455500001
0.9088000447500001
0.9088000447500001
0.9084000469000002
0.9080000461000002
0.9080000461000002
0.9084000469
0.9084000469
0.9088000477000002
0.90840004985
0.9088000506500002
0.9088000506500002
0.9088000506500002
0.9096000493000003
0.9088000477000002
0.9088000477000002
0.9084000469
0.9084000469
0.9084000469
0.90800004905
0.90760004825
0.90760004825
0.9072000474500002
0.9068000466500001
0.9076000453000002
0.9076000453000002
0.9072000445000001
0.9068000436999999
0.9060000420999998
0.9056000413
0.9052000405
0.9048000397
0.9052000405
0.90480004265
0.90520004345
0.90520004345
0.9052000434500003
0.9044000418500002
0.9044000418500002
0.9044000418500002
0.9044000418500002
0.90480004265
0.90520004345
0.90520004345
0.9044000448
0.9044000448
0.9052000464000001
0.9052000464000001
0.906000048
0.906000048
0.9064000488000001
0.9068000496
0.9064000488000001
0.9056000472000001
0.9056000472000001
0.9056000472000001
0.906000048
0.9064000488000001
0.9064000488000001
0.9064000488000001
0.9064000488000001
0.9056000472000001
0.9056000472000001
0.9056000472000001
0.906000048
0.9056000472000001
0.9056000472000001
0.906000048
0.906000048
0.906000048
0.9056000472000001
0.9056000472000001
0.906000048
0.906000048
0.906000048
0.906000048
0.9056000472000001
0.9056000472000001
0.9052000464
0.9048000456
0.9048000456
0.9052000464
0.9052000464
0.9056000472000001
0.9052000464
0.9056000472000001
0.9052000464000001
0.9052000464000001
0.9052000464000001
0.9048000456
0.9044000448
0.904000044
0.9036000432
0.9036000432
0.904000044
0.904000044
0.9044000448
0.9048000456
0.9048000456
0.9052000464000001
0.9052000464000001
0.9056000472000001
0.9056000472000001
0.9052000464000001
0.9052000464000001
0.9056000472000001
0.9052000464000001
0.9052000464000001
0.9048000456
0.9056000472000001
0.9060000480000001
0.906000048
0.906000048
0.9064000488000001
0.9056000472000001
0.9056000472000001
0.9052000464
0.9048000456
0.9044000447999999
0.904000044
0.9036000431999999
0.90240004375
0.90200004295
0.9020000429499998
0.90160004215
0.90080004055
0.90120004135
0.90080004055
0.90080004055
0.90040003975
0.90040003975
0.90040003975
0.90040003975
0.90040003975
0.90040003975
0.90040003975
0.9000000389499999
0.9008000375999998
0.9012000384000001
0.9012000384000001
0.9016000391999999
0.9020000370500001
0.9024000378499999
0.9020000370500001
0.9020000370500001
0.9020000370499999
0.9020000370500001
0.9016000391999999
0.90080004055
0.9000000418999999
0.9000000418999999
0.8996000411000001
0.8988000424500001
0.8984000416500001
0.89840004165
0.89840004165
0.89920004325
0.8980000438
0.8980000438
0.897600043
0.8972000421999999
0.897600043
0.897600043
0.897600043
0.897600043
0.8980000438
0.8980000438
0.8988000424500001
0.9000000418999999
0.90080004055
0.90080004055
0.9004000427000002
0.90080004055
0.90080004055
0.90080004055
0.90040003975
0.9000000389499999
0.9004000397499999
0.9000000389499999
0.9004000397499999
0.90080004055
0.90080004055
0.90080004055
0.90120004135
0.90120004135
0.90080004055
0.90080004055
0.90080004055
0.8996000411000001
0.8992000402999999
0.8992000402999999
0.89960003815
0.89960003815
0.89960003815
0.8996000381499999
0.8996000381499999
0.8996000381499999
0.9000000389499999
0.9000000389499999
0.89960003815
0.8988000395000001
0.8984000386999998
0.8976000400499999
0.8976000400499999
0.8980000408500001
0.8980000408500001
0.8976000400499999
0.8968000413999999
0.89720003925
0.89720003925
0.8968000384499999
0.8968000384499999
0.8968000384499999
0.8968000384499999
0.8968000384499999
0.8972000392499999
0.8972000392499999
0.8960000397999999
0.8964000406000001
0.8964000406000001
0.89680003845
0.89720003925
0.8980000379
0.8980000379
0.8980000379
0.8980000379
0.8980000379
0.8980000379
0.89760004005
0.89760004005
0.8972000422000002
0.8972000422000002
0.8972000422000002
0.8972000422000002
0.897600043
0.8968000443499999
0.8964000435499999
0.8964000435499999
0.8960000427499999