S Low Q Fit Demo Data
S Channel 2;   11:12:01 AM 1/16/2007
S DAQ: PCI-6221; 16 bits; Max ADC Rate 250kHz, Max ETS 20MHz
S Sampling: Eff. Rate 1.00MHz;  ADC Rate 250kHz; Frames 4; Samples 1000
S Trigger Delays: Ch1 0.0000S, Ch2 0.0000S; Sweeps averaged: 11
S Voltage Offsets: Ch1 0.000V, Ch2 0.000V
S Voltage Resolution: Ch1 32uV, Ch2 160uV
S Time (ms)         	Amplitude (V)       	sig Amplitude (V)   
0.000000            	-0.0007524083       	0.0000365           
0.001000            	0.05126972          	0.000114            
0.002000            	0.08738933          	0.000345            
0.003000            	0.1699662           	0.000469            
0.004000            	0.2779963           	0.000602            
0.005000            	0.3979471           	0.000529            
0.006000            	0.5236762           	0.000588            
0.007000            	0.6463633           	0.000617            
0.008000            	0.7654519           	0.000619            
0.009000            	0.8777372           	0.000485            
0.010000            	0.9823946           	0.000473            
0.011000            	1.075115            	0.000449            
0.012000            	1.157374            	0.000391            
0.013000            	1.227741            	0.000307            
0.014000            	1.285779            	0.000241            
0.015000            	1.329508            	0.000175            
0.016000            	1.359744            	0.000135            
0.017000            	1.375949            	0.0000763           
0.018000            	1.378032            	0.0000802           
0.019000            	1.366047            	0.000113            
0.020000            	1.340071            	0.000189            
0.021000            	1.300556            	0.000204            
0.022000            	1.247369            	0.000310            
0.023000            	1.182793            	0.000371            
0.024000            	1.105943            	0.000458            
0.025000            	1.018400            	0.000419            
0.026000            	0.9196660           	0.000492            
0.027000            	0.8140084           	0.000564            
0.028000            	0.6998709           	0.000628            
0.029000            	0.5793421           	0.000554            
0.030000            	0.4519670           	0.000616            
0.031000            	0.3233023           	0.000649            
0.032000            	0.1909349           	0.000707            
0.033000            	0.05758591          	0.000573            
0.034000            	-0.07731896         	0.000640            
0.035000            	-0.2080564          	0.000652            
0.036000            	-0.3367630          	0.000686            
0.037000            	-0.4613410          	0.000538            
0.038000            	-0.5817911          	0.000556            
0.039000            	-0.6933164          	0.000541            
0.040000            	-0.7980593          	0.000525            
0.041000            	-0.8938110          	0.000410            
0.042000            	-0.9808292          	0.000387            
0.043000            	-1.055785           	0.000339            
0.044000            	-1.120004           	0.000313            
0.045000            	-1.172385           	0.000221            
0.046000            	-1.212747           	0.000171            
0.047000            	-1.239777           	0.000111            
0.048000            	-1.254227           	0.0000564           
0.049000            	-1.255650           	0.0000481           
0.050000            	-1.243964           	0.000112            
0.051000            	-1.219847           	0.000170            
0.052000            	-1.183197           	0.000240            
0.053000            	-1.134647           	0.000229            
0.054000            	-1.073939           	0.000313            
0.055000            	-1.003785           	0.000389            
0.056000            	-0.9232197          	0.000468            
0.057000            	-0.8336238          	0.000422            
0.058000            	-0.7347568          	0.000482            
0.059000            	-0.6308570          	0.000547            
0.060000            	-0.5203186          	0.000604            
0.061000            	-0.4049495          	0.000505            
0.062000            	-0.2849909          	0.000584            
0.063000            	-0.1647922          	0.000612            
0.064000            	-0.04268214         	0.000639            
0.065000            	0.07923433          	0.000536            
0.066000            	0.2008764           	0.000574            
0.067000            	0.3176076           	0.000580            
0.068000            	0.4311972           	0.000575            
0.069000            	0.5397898           	0.000469            
0.070000            	0.6433840           	0.000467            
0.071000            	0.7379274           	0.000461            
0.072000            	0.8250295           	0.000433            
0.073000            	0.9033555           	0.000317            
0.074000            	0.9725440           	0.000312            
0.075000            	1.030261            	0.000266            
0.076000            	1.077401            	0.000214            
0.077000            	1.113346            	0.000154            
0.078000            	1.137841            	0.000112            
0.079000            	1.150249            	0.0000486           
0.080000            	1.150774            	0.0000540           
0.081000            	1.139630            	0.0000929           
0.082000            	1.116528            	0.000148            
0.083000            	1.082665            	0.000215            
0.084000            	1.037524            	0.000283            
0.085000            	0.9822840           	0.000257            
0.086000            	0.9162874           	0.000335            
0.087000            	0.8425844           	0.000400            
0.088000            	0.7601586           	0.000472            
0.089000            	0.6704927           	0.000413            
0.090000            	0.5732781           	0.000476            
0.091000            	0.4726066           	0.000533            
0.092000            	0.3669586           	0.000573            
0.093000            	0.2582048           	0.000483            
0.094000            	0.1459947           	0.000542            
0.095000            	0.03519708          	0.000558            
0.096000            	-0.07629846         	0.000590            
0.097000            	-0.1862528          	0.000479            
0.098000            	-0.2947599          	0.000495            
0.099000            	-0.3977355          	0.000490            
0.100000            	-0.4968162          	0.000525            
0.101000            	-0.5901135          	0.000399            
0.102000            	-0.6778765          	0.000397            
0.103000            	-0.7565597          	0.000363            
0.104000            	-0.8276664          	0.000342            
0.105000            	-0.8898834          	0.000256            
0.106000            	-0.9431229          	0.000231            
0.107000            	-0.9853809          	0.000185            
0.108000            	-1.017690           	0.000143            
0.109000            	-1.039253           	0.000104            
0.110000            	-1.050279           	0.0000420           
0.111000            	-1.050161           	0.0000568           
0.112000            	-1.039365           	0.000103            
0.113000            	-1.017899           	0.000119            
0.114000            	-0.9858071          	0.000182            
0.115000            	-0.9444067          	0.000232            
0.116000            	-0.8931677          	0.000306            
0.117000            	-0.8331368          	0.000285            
0.118000            	-0.7639762          	0.000361            
0.119000            	-0.6887383          	0.000402            
0.120000            	-0.6064077          	0.000477            
0.121000            	-0.5181904          	0.000391            
0.122000            	-0.4241456          	0.000460            
0.123000            	-0.3279971          	0.000491            
0.124000            	-0.2283554          	0.000530            
0.125000            	-0.1269011          	0.000455            
0.126000            	-0.02360295         	0.000493            
0.127000            	0.07759865          	0.000496            
0.128000            	0.1780712           	0.000523            
0.129000            	0.2761741           	0.000421            
0.130000            	0.3718342           	0.000440            
0.131000            	0.4615121           	0.000448            
0.132000            	0.5466291           	0.000441            
0.133000            	0.6256758           	0.000332            
0.134000            	0.6986137           	0.000335            
0.135000            	0.7626956           	0.000313            
0.136000            	0.8190276           	0.000274            
0.137000            	0.8667335           	0.000195            
0.138000            	0.9056632           	0.000170            
0.139000            	0.9344363           	0.000120            
0.140000            	0.9536118           	0.0000707           
0.141000            	0.9630231           	0.0000630           
0.142000            	0.9623741           	0.0000517           
0.143000            	0.9520097           	0.0000838           
0.144000            	0.9317952           	0.000165            
0.145000            	0.9022279           	0.000153            
0.146000            	0.8629970           	0.000208            
0.147000            	0.8160162           	0.000273            
0.148000            	0.7606336           	0.000353            
0.149000            	0.6978094           	0.000285            
0.150000            	0.6272753           	0.000364            
0.151000            	0.5521040           	0.000401            
0.152000            	0.4711371           	0.000459            
0.153000            	0.3858746           	0.000378            
0.154000            	0.2961358           	0.000438            
0.155000            	0.2055239           	0.000478            
0.156000            	0.1125475           	0.000502            
0.157000            	0.01902148          	0.000411            
0.158000            	-0.07514165         	0.000457            
0.159000            	-0.1663620          	0.000456            
0.160000            	-0.2558659          	0.000464            
0.161000            	-0.3421509          	0.000382            
0.162000            	-0.4254740          	0.000398            
0.163000            	-0.5025834          	0.000365            
0.164000            	-0.5744540          	0.000363            
0.165000            	-0.6400302          	0.000286            
0.166000            	-0.6994031          	0.000280            
0.167000            	-0.7501643          	0.000244            
0.168000            	-0.7933247          	0.000203            
0.169000            	-0.8280493          	0.000142            
0.170000            	-0.8544184          	0.000112            
0.171000            	-0.8712996          	0.0000617           
0.172000            	-0.8793130          	0.0000551           
0.173000            	-0.8782597          	0.0000497           
0.174000            	-0.8681046          	0.0000745           
0.175000            	-0.8493043          	0.000131            
0.176000            	-0.8218005          	0.000200            
0.177000            	-0.7858768          	0.000159            
0.178000            	-0.7416112          	0.000244            
0.179000            	-0.6908780          	0.000276            
0.180000            	-0.6329606          	0.000346            
0.181000            	-0.5689134          	0.000298            
0.182000            	-0.4985837          	0.000353            
0.183000            	-0.4247584          	0.000391            
0.184000            	-0.3464921          	0.000405            
0.185000            	-0.2652348          	0.000366            
0.186000            	-0.1807155          	0.000418            
0.187000            	-0.09624084         	0.000433            
0.188000            	-0.01067183         	0.000453            
0.189000            	0.07448362          	0.000368            
0.190000            	0.1593069           	0.000412            
0.191000            	0.2405694           	0.000412            
0.192000            	0.3194652           	0.000414            
0.193000            	0.3945465           	0.000317            
0.194000            	0.4659816           	0.000339            
0.195000            	0.5310942           	0.000321            
0.196000            	0.5907812           	0.000294            
0.197000            	0.6440316           	0.000241            
0.198000            	0.6909157           	0.000209            
0.199000            	0.7296181           	0.000170            
0.200000            	0.7609018           	0.000138            
0.201000            	0.7842456           	0.0000917           
0.202000            	0.7994722           	0.0000702           
0.203000            	0.8063763           	0.0000517           
0.204000            	0.8048640           	0.0000600           
0.205000            	0.7951786           	0.0000747           
0.206000            	0.7771942           	0.000107            
0.207000            	0.7517275           	0.000140            
0.208000            	0.7184014           	0.000219            
0.209000            	0.6780719           	0.000192            
0.210000            	0.6304627           	0.000235            
0.211000            	0.5775116           	0.000261            
0.212000            	0.5184557           	0.000342            
0.213000            	0.4545615           	0.000291            
0.214000            	0.3855716           	0.000338            
0.215000            	0.3144344           	0.000368            
0.216000            	0.2397593           	0.000406            
0.217000            	0.1632218           	0.000352            
0.218000            	0.08450805          	0.000382            
0.219000            	0.006779711         	0.000401            
0.220000            	-0.07111855         	0.000420            
0.221000            	-0.1478375          	0.000329            
0.222000            	-0.2233157          	0.000364            
0.223000            	-0.2946751          	0.000355            
0.224000            	-0.3632906          	0.000371            
0.225000            	-0.4277144          	0.000270            
0.226000            	-0.4880156          	0.000286            
0.227000            	-0.5418782          	0.000264            
0.228000            	-0.5902970          	0.000246            
0.229000            	-0.6322340          	0.000186            
0.230000            	-0.6679566          	0.000152            
0.231000            	-0.6959787          	0.000116            
0.232000            	-0.7168701          	0.0000939           
0.233000            	-0.7303108          	0.0000547           
0.234000            	-0.7361672          	0.0000469           
0.235000            	-0.7343896          	0.0000585           
0.236000            	-0.7250593          	0.0000891           
0.237000            	-0.7083595          	0.000101            
0.238000            	-0.6842257          	0.000148            
0.239000            	-0.6536269          	0.000181            
0.240000            	-0.6163673          	0.000219            
0.241000            	-0.5728437          	0.000224            
0.242000            	-0.5232455          	0.000253            
0.243000            	-0.4693746          	0.000285            
0.244000            	-0.4105894          	0.000321            
0.245000            	-0.3479587          	0.000289            
0.246000            	-0.2815483          	0.000336            
0.247000            	-0.2136000          	0.000356            
0.248000            	-0.1434646          	0.000380            
0.249000            	-0.07209705         	0.000323            
0.250000            	0.0001995668        	0.000349            
0.251000            	0.07094531          	0.000357            
0.252000            	0.1409784           	0.000362            
0.253000            	0.2093481           	0.000299            
0.254000            	0.2757935           	0.000333            
0.255000            	0.3377890           	0.000314            
0.256000            	0.3963601           	0.000285            
0.257000            	0.4506581           	0.000232            
0.258000            	0.5005155           	0.000231            
0.259000            	0.5442052           	0.000215            
0.260000            	0.5822846           	0.000184            
0.261000            	0.6142580           	0.000124            
0.262000            	0.6398958           	0.000121            
0.263000            	0.6585303           	0.0000934           
0.264000            	0.6703088           	0.0000637           
0.265000            	0.6753187           	0.0000425           
0.266000            	0.6731933           	0.0000641           
0.267000            	0.6644176           	0.0000742           
0.268000            	0.6486681           	0.000106            
0.269000            	0.6264097           	0.000113            
0.270000            	0.5975087           	0.000158            
0.271000            	0.5632731           	0.000194            
0.272000            	0.5230922           	0.000229            
0.273000            	0.4778033           	0.000222            
0.274000            	0.4274504           	0.000261            
0.275000            	0.3738406           	0.000277            
0.276000            	0.3164222           	0.000358            
0.277000            	0.2560819           	0.000285            
0.278000            	0.1926074           	0.000323            
0.279000            	0.1288292           	0.000330            
0.280000            	0.06358338          	0.000362            
0.281000            	-0.002005503        	0.000287            
0.282000            	-0.06776285         	0.000308            
0.283000            	-0.1314272          	0.000326            
0.284000            	-0.1937090          	0.000334            
0.285000            	-0.2535866          	0.000262            
0.286000            	-0.3111618          	0.000271            
0.287000            	-0.3643065          	0.000263            
0.288000            	-0.4136587          	0.000243            
0.289000            	-0.4585318          	0.000199            
0.290000            	-0.4988876          	0.000188            
0.291000            	-0.5331366          	0.000166            
0.292000            	-0.5619884          	0.000155            
0.293000            	-0.5848971          	0.000107            
0.294000            	-0.6018037          	0.0000798           
0.295000            	-0.6123007          	0.0000609           
0.296000            	-0.6163583          	0.0000494           
0.297000            	-0.6141208          	0.0000564           
0.298000            	-0.6055169          	0.0000719           
0.299000            	-0.5908476          	0.000101            
0.300000            	-0.5700885          	0.000139            
0.301000            	-0.5435996          	0.000128            
0.302000            	-0.5113579          	0.000189            
0.303000            	-0.4746381          	0.000197            
0.304000            	-0.4329625          	0.000230            
0.305000            	-0.3870924          	0.000208            
0.306000            	-0.3370345          	0.000249            
0.307000            	-0.2846621          	0.000273            
0.308000            	-0.2292123          	0.000322            
0.309000            	-0.1718107          	0.000268            
0.310000            	-0.1122604          	0.000287            
0.311000            	-0.05287859         	0.000308            
0.312000            	0.006959673         	0.000322            
0.313000            	0.06658206          	0.000262            
0.314000            	0.1256973           	0.000289            
0.315000            	0.1822882           	0.000284            
0.316000            	0.2369354           	0.000271            
0.317000            	0.2889206           	0.000233            
0.318000            	0.3381130           	0.000238            
0.319000            	0.3826920           	0.000216            
0.320000            	0.4235080           	0.000203            
0.321000            	0.4596706           	0.000156            
0.322000            	0.4912831           	0.000153            
0.323000            	0.5172672           	0.000128            
0.324000            	0.5378409           	0.0000954           
0.325000            	0.5529128           	0.0000637           
0.326000            	0.5621757           	0.0000562           
0.327000            	0.5655972           	0.0000578           
0.328000            	0.5631330           	0.0000660           
0.329000            	0.5550161           	0.0000708           
0.330000            	0.5409929           	0.0000925           
0.331000            	0.5217966           	0.000122            
0.332000            	0.4972308           	0.000149            
0.333000            	0.4677358           	0.000146            
0.334000            	0.4332456           	0.000189            
0.335000            	0.3951924           	0.000188            
0.336000            	0.3530958           	0.000246            
0.337000            	0.3074495           	0.000216            
0.338000            	0.2585548           	0.000243            
0.339000            	0.2080780           	0.000272            
0.340000            	0.1552599           	0.000278            
0.341000            	0.1014300           	0.000258            
0.342000            	0.04617620          	0.000283            
0.343000            	-0.008380823        	0.000270            
0.344000            	-0.06282095         	0.000293            
0.345000            	-0.1162703          	0.000255            
0.346000            	-0.1688142          	0.000252            
0.347000            	-0.2183713          	0.000252            
0.348000            	-0.2657634          	0.000225            
0.349000            	-0.3100484          	0.000188            
0.350000            	-0.3513530          	0.000207            
0.351000            	-0.3881378          	0.000190            
0.352000            	-0.4210183          	0.000152            
0.353000            	-0.4493741          	0.000133            
0.354000            	-0.4732523          	0.000103            
0.355000            	-0.4916839          	0.000105            
0.356000            	-0.5050725          	0.0000735           
0.357000            	-0.5131379          	0.0000470           
0.358000            	-0.5160971          	0.0000368           
0.359000            	-0.5134801          	0.0000591           
0.360000            	-0.5056957          	0.0000792           
0.361000            	-0.4927197          	0.0000996           
0.362000            	-0.4745696          	0.0000962           
0.363000            	-0.4519433          	0.000149            
0.364000            	-0.4246917          	0.000165            
0.365000            	-0.3932058          	0.000142            
0.366000            	-0.3574479          	0.000184            
0.367000            	-0.3189616          	0.000215            
0.368000            	-0.2771646          	0.000234            
0.369000            	-0.2326088          	0.000204            
0.370000            	-0.1855897          	0.000237            
0.371000            	-0.1376281          	0.000251            
0.372000            	-0.08813289         	0.000264            
0.373000            	-0.03807394         	0.000226            
0.374000            	0.01257620          	0.000252            
0.375000            	0.06214590          	0.000276            
0.376000            	0.1109640           	0.000258            
0.377000            	0.1584084           	0.000210            
0.378000            	0.2043778           	0.000227            
0.379000            	0.2473609           	0.000242            
0.380000            	0.2878067           	0.000190            
0.381000            	0.3250224           	0.000161            
0.382000            	0.3590288           	0.000162            
0.383000            	0.3885519           	0.000134            
0.384000            	0.4142642           	0.000136            
0.385000            	0.4355163           	0.0000996           
0.386000            	0.4523742           	0.0000810           
0.387000            	0.4642826           	0.0000612           
0.388000            	0.4713585           	0.0000387           
0.389000            	0.4735651           	0.0000533           
0.390000            	0.4709429           	0.0000644           
0.391000            	0.4635499           	0.0000730           
0.392000            	0.4513795           	0.0000751           
0.393000            	0.4346869           	0.000123            
0.394000            	0.4134317           	0.000125            
0.395000            	0.3883920           	0.000133            
0.396000            	0.3594665           	0.000179            
0.397000            	0.3269192           	0.000154            
0.398000            	0.2907927           	0.000182            
0.399000            	0.2525983           	0.000201            
0.400000            	0.2117454           	0.000228            
0.401000            	0.1688854           	0.000216            
0.402000            	0.1241993           	0.000218            
0.403000            	0.07922042          	0.000241            
0.404000            	0.03333033          	0.000243            
0.405000            	-0.01252110         	0.000237            
0.406000            	-0.05851975         	0.000222            
0.407000            	-0.1028383          	0.000223            
0.408000            	-0.1462425          	0.000233            
0.409000            	-0.1877489          	0.000176            
0.410000            	-0.2275376          	0.000183            
0.411000            	-0.2641136          	0.000183            
0.412000            	-0.2978988          	0.000164            
0.413000            	-0.3285106          	0.000132            
0.414000            	-0.3559076          	0.000133            
0.415000            	-0.3789265          	0.000113            
0.416000            	-0.3982208          	0.0000895           
0.417000            	-0.4130682          	0.0000856           
0.418000            	-0.4238910          	0.0000724           
0.419000            	-0.4301073          	0.0000476           
0.420000            	-0.4319091          	0.0000466           
0.421000            	-0.4291481          	0.0000511           
0.422000            	-0.4220424          	0.0000639           
0.423000            	-0.4107128          	0.0000749           
0.424000            	-0.3952005          	0.0000925           
0.425000            	-0.3756484          	0.000106            
0.426000            	-0.3522083          	0.000130            
0.427000            	-0.3256041          	0.000147            
0.428000            	-0.2955968          	0.000173            
0.429000            	-0.2628114          	0.000161            
0.430000            	-0.2270829          	0.000188            
0.431000            	-0.1898617          	0.000192            
0.432000            	-0.1505844          	0.000225            
0.433000            	-0.1099082          	0.000173            
0.434000            	-0.06807629         	0.000211            
0.435000            	-0.02640888         	0.000219            
0.436000            	0.01554776          	0.000235            
0.437000            	0.05732956          	0.000183            
0.438000            	0.09847173          	0.000187            
0.439000            	0.1377412           	0.000198            
0.440000            	0.1756553           	0.000193            
0.441000            	0.2116650           	0.000164            
0.442000            	0.2455221           	0.000167            
0.443000            	0.2760846           	0.000164            
0.444000            	0.3038567           	0.000147            
0.445000            	0.3284022           	0.000122            
0.446000            	0.3496882           	0.0000948           
0.447000            	0.3669031           	0.0000935           
0.448000            	0.3802474           	0.0000838           
0.449000            	0.3897893           	0.0000504           
0.450000            	0.3952998           	0.0000454           
0.451000            	0.3966517           	0.0000349           
0.452000            	0.3939404           	0.0000470           
0.453000            	0.3872373           	0.0000683           
0.454000            	0.3763948           	0.0000742           
0.455000            	0.3621636           	0.0000914           
0.456000            	0.3439931           	0.000115            
0.457000            	0.3225509           	0.000109            
0.458000            	0.2975838           	0.000120            
0.459000            	0.2701674           	0.000147            
0.460000            	0.2398890           	0.000164            
0.461000            	0.2074359           	0.000145            
0.462000            	0.1725931           	0.000162            
0.463000            	0.1368579           	0.000190            
0.464000            	0.09966922          	0.000212            
0.465000            	0.06169796          	0.000195            
0.466000            	0.02278234          	0.000192            
0.467000            	-0.01530379         	0.000201            
0.468000            	-0.05340191         	0.000218            
0.469000            	-0.09060586         	0.000172            
0.470000            	-0.1272089          	0.000175            
0.471000            	-0.1615576          	0.000175            
0.472000            	-0.1942865          	0.000162            
0.473000            	-0.2247551          	0.000143            
0.474000            	-0.2531189          	0.000144            
0.475000            	-0.2781982          	0.000126            
0.476000            	-0.3003790          	0.000119            
0.477000            	-0.3193533          	0.0000906           
0.478000            	-0.3352749          	0.0000856           
0.479000            	-0.3472304          	0.0000574           
0.480000            	-0.3557079          	0.0000591           
0.481000            	-0.3604030          	0.0000465           
0.482000            	-0.3614953          	0.0000611           
0.483000            	-0.3587997          	0.0000601           
0.484000            	-0.3523663          	0.0000599           
0.485000            	-0.3423776          	0.0000840           
0.486000            	-0.3288279          	0.0000905           
0.487000            	-0.3121847          	0.000116            
0.488000            	-0.2922743          	0.000116            
0.489000            	-0.2695020          	0.000148            
0.490000            	-0.2438927          	0.000142            
0.491000            	-0.2162673          	0.000159            
0.492000            	-0.1864575          	0.000161            
0.493000            	-0.1547329          	0.000141            
0.494000            	-0.1213600          	0.000177            
0.495000            	-0.08752535         	0.000185            
0.496000            	-0.05266745         	0.000200            
0.497000            	-0.01756988         	0.000162            
0.498000            	0.01792713          	0.000178            
0.499000            	0.05256775          	0.000178            
0.500000            	0.08657962          	0.000174            
0.501000            	0.1195432           	0.000162            
0.502000            	0.1514348           	0.000141            
0.503000            	0.1811142           	0.000166            
0.504000            	0.2088613           	0.000141            
0.505000            	0.2343677           	0.000105            
0.506000            	0.2575709           	0.000117            
0.507000            	0.2777034           	0.0000975           
0.508000            	0.2947736           	0.0000958           
0.509000            	0.3090045           	0.0000537           
0.510000            	0.3200150           	0.0000627           
0.511000            	0.3274797           	0.0000472           
0.512000            	0.3315385           	0.0000489           
0.513000            	0.3322622           	0.0000565           
0.514000            	0.3295050           	0.0000561           
0.515000            	0.3235447           	0.0000572           
0.516000            	0.3141448           	0.0000942           
0.517000            	0.3016733           	0.0000886           
0.518000            	0.2859557           	0.0000891           
0.519000            	0.2676925           	0.000119            
0.520000            	0.2466477           	0.000125            
0.521000            	0.2232845           	0.000137            
0.522000            	0.1973453           	0.000128            
0.523000            	0.1701234           	0.000133            
0.524000            	0.1410597           	0.000169            
0.525000            	0.1108568           	0.000136            
0.526000            	0.07927295          	0.000169            
0.527000            	0.04758893          	0.000169            
0.528000            	0.01533313          	0.000199            
0.529000            	-0.01680165         	0.000141            
0.530000            	-0.04894709         	0.000159            
0.531000            	-0.07991341         	0.000158            
0.532000            	-0.1099483          	0.000163            
0.533000            	-0.1386408          	0.000124            
0.534000            	-0.1661946          	0.000130            
0.535000            	-0.1913453          	0.000137            
0.536000            	-0.2145123          	0.000122            
0.537000            	-0.2353191          	0.0000962           
0.538000            	-0.2538871          	0.0000892           
0.539000            	-0.2693345          	0.0000733           
0.540000            	-0.2821520          	0.0000723           
0.541000            	-0.2917444          	0.0000535           
0.542000            	-0.2984940          	0.0000601           
0.543000            	-0.3020747          	0.0000429           
0.544000            	-0.3024850          	0.0000395           
0.545000            	-0.2997733          	0.0000621           
0.546000            	-0.2940445          	0.0000439           
0.547000            	-0.2853846          	0.0000702           
0.548000            	-0.2738325          	0.0000827           
0.549000            	-0.2593802          	0.0000823           
0.550000            	-0.2422552          	0.0000912           
0.551000            	-0.2230147          	0.000118            
0.552000            	-0.2014586          	0.000120            
0.553000            	-0.1779076          	0.000138            
0.554000            	-0.1524667          	0.000118            
0.555000            	-0.1259840          	0.000152            
0.556000            	-0.09811336         	0.000131            
0.557000            	-0.06941017         	0.000135            
0.558000            	-0.03999046         	0.000143            
0.559000            	-0.01070305         	0.000156            
0.560000            	0.01864949          	0.000152            
0.561000            	0.04784499          	0.000162            
0.562000            	0.07651071          	0.000136            
0.563000            	0.1037889           	0.000146            
0.564000            	0.1300609           	0.000136            
0.565000            	0.1547897           	0.0000974           
0.566000            	0.1780405           	0.000125            
0.567000            	0.1990941           	0.000107            
0.568000            	0.2180236           	0.0000914           
0.569000            	0.2346827           	0.0000852           
0.570000            	0.2488981           	0.0000724           
0.571000            	0.2603108           	0.0000702           
0.572000            	0.2690399           	0.0000476           
0.573000            	0.2749586           	0.0000606           
0.574000            	0.2780861           	0.0000423           
0.575000            	0.2782797           	0.0000434           
0.576000            	0.2756647           	0.0000532           
0.577000            	0.2701989           	0.0000501           
0.578000            	0.2619361           	0.0000625           
0.579000            	0.2512420           	0.0000797           
0.580000            	0.2378118           	0.0000977           
0.581000            	0.2221951           	0.0000854           
0.582000            	0.2040617           	0.0000993           
0.583000            	0.1843849           	0.000128            
0.584000            	0.1626591           	0.000139            
0.585000            	0.1395569           	0.000104            
0.586000            	0.1148404           	0.000117            
0.587000            	0.08956444          	0.000136            
0.588000            	0.06325016          	0.000142            
0.589000            	0.03638039          	0.000136            
0.590000            	0.009141873         	0.000129            
0.591000            	-0.01759022         	0.000137            
0.592000            	-0.04408989         	0.000142            
0.593000            	-0.06998536         	0.000121            
0.594000            	-0.09536692         	0.000126            
0.595000            	-0.1190964          	0.000130            
0.596000            	-0.1417923          	0.000116            
0.597000            	-0.1627290          	0.000115            
0.598000            	-0.1821274          	0.0000996           
0.599000            	-0.1992692          	0.0000824           
0.600000            	-0.2142346          	0.0000971           
0.601000            	-0.2269773          	0.0000775           
0.602000            	-0.2374639          	0.0000599           
0.603000            	-0.2452113          	0.0000476           
0.604000            	-0.2505048          	0.0000496           
0.605000            	-0.2531439          	0.0000415           
0.606000            	-0.2531647          	0.0000462           
0.607000            	-0.2505781          	0.0000553           
0.608000            	-0.2454532          	0.0000678           
0.609000            	-0.2378009          	0.0000581           
0.610000            	-0.2276277          	0.0000549           
0.611000            	-0.2153914          	0.0000844           
0.612000            	-0.2009231          	0.0000901           
0.613000            	-0.1844931          	0.0000971           
0.614000            	-0.1660269          	0.0000991           
0.615000            	-0.1461775          	0.000128            
0.616000            	-0.1248884          	0.000116            
0.617000            	-0.1024142          	0.000109            
0.618000            	-0.07875290         	0.000119            
0.619000            	-0.05481775         	0.000117            
0.620000            	-0.03040802         	0.000137            
0.621000            	-0.005657529        	0.000120            
0.622000            	0.01916746          	0.000122            
0.623000            	0.04337107          	0.000126            
0.624000            	0.06705326          	0.000125            
0.625000            	0.08990516          	0.000112            
0.626000            	0.1120273           	0.000109            
0.627000            	0.1324187           	0.000119            
0.628000            	0.1514934           	0.0000997           
0.629000            	0.1690388           	0.0000799           
0.630000            	0.1847384           	0.0000854           
0.631000            	0.1983089           	0.0000647           
0.632000            	0.2098536           	0.0000627           
0.633000            	0.2192600           	0.0000525           
0.634000            	0.2262755           	0.0000528           
0.635000            	0.2309229           	0.0000553           
0.636000            	0.2331693           	0.0000419           
0.637000            	0.2330731           	0.0000417           
0.638000            	0.2304994           	0.0000409           
0.639000            	0.2256931           	0.0000499           
0.640000            	0.2185048           	0.0000734           
0.641000            	0.2092366           	0.0000594           
0.642000            	0.1976167           	0.0000749           
0.643000            	0.1843194           	0.0000807           
0.644000            	0.1690793           	0.0000913           
0.645000            	0.1522799           	0.0000966           
0.646000            	0.1337324           	0.000107            
0.647000            	0.1143708           	0.000107            
0.648000            	0.09370954          	0.000118            
0.649000            	0.07229975          	0.000111            
0.650000            	0.04996018          	0.000102            
0.651000            	0.02762744          	0.000124            
0.652000            	0.005012542         	0.000115            
0.653000            	-0.01751377         	0.000105            
0.654000            	-0.03995839         	0.000113            
0.655000            	-0.06139991         	0.000111            
0.656000            	-0.08226881         	0.000116            
0.657000            	-0.1021857          	0.0000980           
0.658000            	-0.1211707          	0.0000834           
0.659000            	-0.1384519          	0.0000849           
0.660000            	-0.1543124          	0.0000873           
0.661000            	-0.1684376          	0.0000710           
0.662000            	-0.1810721          	0.0000562           
0.663000            	-0.1912856          	0.0000499           
0.664000            	-0.1996759          	0.0000584           
0.665000            	-0.2059753          	0.0000602           
0.666000            	-0.2101101          	0.0000513           
0.667000            	-0.2120421          	0.0000341           
0.668000            	-0.2117723          	0.0000357           
0.669000            	-0.2093560          	0.0000454           
0.670000            	-0.2047307          	0.0000505           
0.671000            	-0.1980855          	0.0000575           
0.672000            	-0.1894765          	0.0000708           
0.673000            	-0.1788533          	0.0000614           
0.674000            	-0.1663358          	0.0000718           
0.675000            	-0.1523939          	0.0000805           
0.676000            	-0.1369261          	0.0000977           
0.677000            	-0.1200333          	0.000107            
0.678000            	-0.1019052          	0.0000966           
0.679000            	-0.08307158         	0.0000818           
0.680000            	-0.06344927         	0.000108            
0.681000            	-0.04318290         	0.000110            
0.682000            	-0.02242380         	0.000112            
0.683000            	-0.001896727        	0.0000981           
0.684000            	0.01868079          	0.0000959           
0.685000            	0.03902755          	0.000104            
0.686000            	0.05905652          	0.000106            
0.687000            	0.07803634          	0.000103            
0.688000            	0.09607754          	0.0000859           
0.689000            	0.1132638           	0.000112            
0.690000            	0.1292410           	0.0000871           
0.691000            	0.1435772           	0.0000650           
0.692000            	0.1563878           	0.0000705           
0.693000            	0.1676399           	0.0000669           
0.694000            	0.1770813           	0.0000611           
0.695000            	0.1845828           	0.0000581           
0.696000            	0.1902402           	0.0000532           
0.697000            	0.1939784           	0.0000400           
0.698000            	0.1955229           	0.0000505           
0.699000            	0.1951876           	0.0000323           
0.700000            	0.1927027           	0.0000407           
0.701000            	0.1884720           	0.0000411           
0.702000            	0.1821651           	0.0000539           
0.703000            	0.1741487           	0.0000551           
0.704000            	0.1642863           	0.0000678           
0.705000            	0.1528622           	0.0000613           
0.706000            	0.1397846           	0.0000720           
0.707000            	0.1256937           	0.0000776           
0.708000            	0.1102210           	0.0000975           
0.709000            	0.09370278          	0.0000832           
0.710000            	0.07618620          	0.000101            
0.711000            	0.05822923          	0.000108            
0.712000            	0.03961284          	0.000102            
0.713000            	0.02075466          	0.000101            
0.714000            	0.001685271         	0.000101            
0.715000            	-0.01700861         	0.000115            
0.716000            	-0.03556856         	0.0000960           
0.717000            	-0.05366970         	0.000115            
0.718000            	-0.07124351         	0.0000953           
0.719000            	-0.08766938         	0.0000888           
0.720000            	-0.1031967          	0.0000833           
0.721000            	-0.1176231          	0.0000783           
0.722000            	-0.1309107          	0.0000648           
0.723000            	-0.1424759          	0.0000685           
0.724000            	-0.1526456          	0.0000557           
0.725000            	-0.1611766          	0.0000535           
0.726000            	-0.1680526          	0.0000483           
0.727000            	-0.1730368          	0.0000433           
0.728000            	-0.1762784          	0.0000501           
0.729000            	-0.1775883          	0.0000366           
0.730000            	-0.1772028          	0.0000385           
0.731000            	-0.1748342          	0.0000518           
0.732000            	-0.1707714          	0.0000570           
0.733000            	-0.1648935          	0.0000543           
0.734000            	-0.1574033          	0.0000523           
0.735000            	-0.1483790          	0.0000623           
0.736000            	-0.1378118          	0.0000745           
0.737000            	-0.1259245          	0.0000688           
0.738000            	-0.1126187          	0.0000859           
0.739000            	-0.09840814         	0.0000815           
0.740000            	-0.08333316         	0.0000809           
0.741000            	-0.06735426         	0.0000885           
0.742000            	-0.05065755         	0.0000833           
0.743000            	-0.03377452         	0.0000991           
0.744000            	-0.01647528         	0.0000785           
0.745000            	0.0008132154        	0.000113            
0.746000            	0.01823576          	0.0000847           
0.747000            	0.03504744          	0.0000914           
0.748000            	0.05158260          	0.0000838           
0.749000            	0.06753637          	0.0000801           
0.750000            	0.08274463          	0.0000963           
0.751000            	0.09683444          	0.0000781           
0.752000            	0.1098663           	0.0000713           
0.753000            	0.1218289           	0.0000818           
0.754000            	0.1325445           	0.0000708           
0.755000            	0.1416777           	0.0000605           
0.756000            	0.1492893           	0.0000492           
0.757000            	0.1554884           	0.0000617           
0.758000            	0.1599622           	0.0000504           
0.759000            	0.1628295           	0.0000397           
0.760000            	0.1639072           	0.0000546           
0.761000            	0.1634096           	0.0000461           
0.762000            	0.1611345           	0.0000477           
0.763000            	0.1573478           	0.0000477           
0.764000            	0.1518565           	0.0000506           
0.765000            	0.1450105           	0.0000502           
0.766000            	0.1364738           	0.0000521           
0.767000            	0.1268542           	0.0000631           
0.768000            	0.1158693           	0.0000737           
0.769000            	0.1037357           	0.0000710           
0.770000            	0.09050653          	0.0000865           
0.771000            	0.07670732          	0.0000776           
0.772000            	0.06201440          	0.000105            
0.773000            	0.04685694          	0.000105            
0.774000            	0.03103085          	0.0000797           
0.775000            	0.01538151          	0.0000940           
0.776000            	-0.0004373707       	0.000101            
0.777000            	-0.01624921         	0.000105            
0.778000            	-0.03189893         	0.0000830           
0.779000            	-0.04681779         	0.0000705           
0.780000            	-0.06129659         	0.0000754           
0.781000            	-0.07514739         	0.0000815           
0.782000            	-0.08809774         	0.0000692           
0.783000            	-0.09992887         	0.0000796           
0.784000            	-0.1108417          	0.0000643           
0.785000            	-0.1204497          	0.0000694           
0.786000            	-0.1288597          	0.0000491           
0.787000            	-0.1358023          	0.0000558           
0.788000            	-0.1412436          	0.0000420           
0.789000            	-0.1452327          	0.0000377           
0.790000            	-0.1477616          	0.0000597           
0.791000            	-0.1487634          	0.0000387           
0.792000            	-0.1480869          	0.0000406           
0.793000            	-0.1459810          	0.0000324           
0.794000            	-0.1423746          	0.0000601           
0.795000            	-0.1372939          	0.0000435           
0.796000            	-0.1308813          	0.0000620           
0.797000            	-0.1230356          	0.0000563           
0.798000            	-0.1139976          	0.0000783           
0.799000            	-0.1039430          	0.0000665           
0.800000            	-0.09274195         	0.0000795           
0.801000            	-0.08067014         	0.0000655           
0.802000            	-0.06783837         	0.0000859           
0.803000            	-0.05437236         	0.0000996           
0.804000            	-0.04059242         	0.0000694           
0.805000            	-0.02627405         	0.0000907           
0.806000            	-0.01165412         	0.0000919           
0.807000            	0.002837705         	0.0000897           
0.808000            	0.01708718          	0.0000832           
0.809000            	0.03133189          	0.0000695           
0.810000            	0.04525673          	0.0000785           
0.811000            	0.05842851          	0.0000856           
0.812000            	0.07090943          	0.0000637           
0.813000            	0.08276438          	0.0000779           
0.814000            	0.09371302          	0.0000740           
0.815000            	0.1034908           	0.0000673           
0.816000            	0.1121612           	0.0000654           
0.817000            	0.1197094           	0.0000624           
0.818000            	0.1259817           	0.0000522           
0.819000            	0.1309598           	0.0000677           
0.820000            	0.1344374           	0.0000369           
0.821000            	0.1366447           	0.0000533           
0.822000            	0.1375151           	0.0000474           
0.823000            	0.1368307           	0.0000331           
0.824000            	0.1347649           	0.0000434           
0.825000            	0.1314257           	0.0000496           
0.826000            	0.1266834           	0.0000489           
0.827000            	0.1207197           	0.0000515           
0.828000            	0.1135169           	0.0000576           
0.829000            	0.1052078           	0.0000666           
0.830000            	0.09580687          	0.0000521           
0.831000            	0.08564232          	0.0000699           
0.832000            	0.07451509          	0.0000627           
0.833000            	0.06275655          	0.0000852           
0.834000            	0.05032715          	0.0000684           
0.835000            	0.03754772          	0.0000711           
0.836000            	0.02450224          	0.0000866           
0.837000            	0.01124306          	0.0000807           
0.838000            	-0.002197186        	0.0000722           
0.839000            	-0.01526343         	0.0000705           
0.840000            	-0.02820914         	0.0000844           
0.841000            	-0.04079296         	0.0000938           
0.842000            	-0.05295665         	0.0000719           
0.843000            	-0.06426433         	0.0000720           
0.844000            	-0.07499491         	0.0000782           
0.845000            	-0.08481936         	0.0000805           
0.846000            	-0.09395310         	0.0000495           
0.847000            	-0.1018475          	0.0000517           
0.848000            	-0.1085337          	0.0000543           
0.849000            	-0.1142080          	0.0000622           
0.850000            	-0.1187629          	0.0000387           
0.851000            	-0.1218944          	0.0000466           
0.852000            	-0.1238182          	0.0000436           
0.853000            	-0.1244235          	0.0000443           
0.854000            	-0.1237737          	0.0000516           
0.855000            	-0.1217631          	0.0000354           
0.856000            	-0.1186273          	0.0000349           
0.857000            	-0.1142299          	0.0000308           
0.858000            	-0.1086387          	0.0000541           
0.859000            	-0.1020026          	0.0000547           
0.860000            	-0.09433359         	0.0000522           
0.861000            	-0.08567926         	0.0000542           
0.862000            	-0.07624055         	0.0000623           
0.863000            	-0.06609134         	0.0000751           
0.864000            	-0.05528096         	0.0000682           
0.865000            	-0.04393999         	0.0000556           
0.866000            	-0.03223174         	0.0000770           
0.867000            	-0.02021387         	0.0000690           
0.868000            	-0.008181404        	0.0000721           
0.869000            	0.004073653         	0.0000718           
0.870000            	0.01610074          	0.0000673           
0.871000            	0.02791419          	0.0000667           
0.872000            	0.03944859          	0.0000537           
0.873000            	0.05048773          	0.0000738           
0.874000            	0.06096983          	0.0000607           
0.875000            	0.07071784          	0.0000647           
0.876000            	0.07964363          	0.0000521           
0.877000            	0.08788419          	0.0000653           
0.878000            	0.09507573          	0.0000539           
0.879000            	0.1012367           	0.0000457           
0.880000            	0.1062907           	0.0000525           
0.881000            	0.1103545           	0.0000454           
0.882000            	0.1131487           	0.0000470           
0.883000            	0.1148402           	0.0000491           
0.884000            	0.1153315           	0.0000369           
0.885000            	0.1146319           	0.0000454           
0.886000            	0.1127512           	0.0000358           
0.887000            	0.1097475           	0.0000524           
0.888000            	0.1056031           	0.0000496           
0.889000            	0.1004986           	0.0000460           
0.890000            	0.09433411          	0.0000591           
0.891000            	0.08724359          	0.0000625           
0.892000            	0.07926929          	0.0000563           
0.893000            	0.07067165          	0.0000553           
0.894000            	0.06118208          	0.0000652           
0.895000            	0.05133190          	0.0000669           
0.896000            	0.04085521          	0.0000620           
0.897000            	0.03014727          	0.0000753           
0.898000            	0.01903060          	0.0000728           
0.899000            	0.008031527         	0.0000761           
0.900000            	-0.003160300        	0.0000790           
0.901000            	-0.01415691         	0.0000662           
0.902000            	-0.02503085         	0.0000745           
0.903000            	-0.03546731         	0.0000668           
0.904000            	-0.04548387         	0.0000618           
0.905000            	-0.05500958         	0.0000600           
0.906000            	-0.06397060         	0.0000507           
0.907000            	-0.07207045         	0.0000589           
0.908000            	-0.07940099         	0.0000598           
0.909000            	-0.08599754         	0.0000514           
0.910000            	-0.09156520         	0.0000560           
0.911000            	-0.09619323         	0.0000444           
0.912000            	-0.09973745         	0.0000467           
0.913000            	-0.1022518          	0.0000539           
0.914000            	-0.1037731          	0.0000517           
0.915000            	-0.1041678          	0.0000534           
0.916000            	-0.1034275          	0.0000400           
0.917000            	-0.1015692          	0.0000435           
0.918000            	-0.09883784         	0.0000456           
0.919000            	-0.09501029         	0.0000463           
0.920000            	-0.09017134         	0.0000340           
0.921000            	-0.08452003         	0.0000399           
0.922000            	-0.07800945         	0.0000601           
0.923000            	-0.07066992         	0.0000635           
0.924000            	-0.06267097         	0.0000497           
0.925000            	-0.05407947         	0.0000482           
0.926000            	-0.04488318         	0.0000700           
0.927000            	-0.03543191         	0.0000720           
0.928000            	-0.02558158         	0.0000608           
0.929000            	-0.01547773         	0.0000684           
0.930000            	-0.005253176        	0.0000752           
0.931000            	0.004912000         	0.0000654           
0.932000            	0.01489991          	0.0000655           
0.933000            	0.02484319          	0.0000688           
0.934000            	0.03450254          	0.0000654           
0.935000            	0.04367375          	0.0000706           
0.936000            	0.05229864          	0.0000616           
0.937000            	0.06042373          	0.0000526           
0.938000            	0.06785332          	0.0000509           
0.939000            	0.07454284          	0.0000651           
0.940000            	0.08045287          	0.0000418           
0.941000            	0.08554099          	0.0000467           
0.942000            	0.08973187          	0.0000424           
0.943000            	0.09295401          	0.0000471           
0.944000            	0.09508370          	0.0000448           
0.945000            	0.09644781          	0.0000483           
0.946000            	0.09671737          	0.0000375           
0.947000            	0.09602677          	0.0000561           
0.948000            	0.09425028          	0.0000486           
0.949000            	0.09165340          	0.0000371           
0.950000            	0.08807625          	0.0000455           
0.951000            	0.08367101          	0.0000510           
0.952000            	0.07832830          	0.0000536           
0.953000            	0.07241786          	0.0000463           
0.954000            	0.06558302          	0.0000477           
0.955000            	0.05827122          	0.0000548           
0.956000            	0.05031002          	0.0000550           
0.957000            	0.04196109          	0.0000745           
0.958000            	0.03312376          	0.0000729           
0.959000            	0.02414178          	0.0000570           
0.960000            	0.01484620          	0.0000724           
0.961000            	0.005532922         	0.0000582           
0.962000            	-0.003797036        	0.0000642           
0.963000            	-0.01297648         	0.0000544           
0.964000            	-0.02197220         	0.0000702           
0.965000            	-0.03070381         	0.0000746           
0.966000            	-0.03910946         	0.0000513           
0.967000            	-0.04700977         	0.0000587           
0.968000            	-0.05437476         	0.0000550           
0.969000            	-0.06109725         	0.0000609           
0.970000            	-0.06722631         	0.0000478           
0.971000            	-0.07258719         	0.0000445           
0.972000            	-0.07715561         	0.0000477           
0.973000            	-0.08092494         	0.0000453           
0.974000            	-0.08389784         	0.0000358           
0.975000            	-0.08579412         	0.0000470           
0.976000            	-0.08690999         	0.0000415           
0.977000            	-0.08705059         	0.0000342           
0.978000            	-0.08639177         	0.0000456           
0.979000            	-0.08472350         	0.0000428           
0.980000            	-0.08230113         	0.0000424           
0.981000            	-0.07901144         	0.0000502           
0.982000            	-0.07489388         	0.0000467           
0.983000            	-0.06997931         	0.0000464           
0.984000            	-0.06442083         	0.0000457           
0.985000            	-0.05818684         	0.0000424           
0.986000            	-0.05140880         	0.0000544           
0.987000            	-0.04413367         	0.0000695           
0.988000            	-0.03650945         	0.0000446           
0.989000            	-0.02845311         	0.0000537           
0.990000            	-0.02013315         	0.0000585           
0.991000            	-0.01168186         	0.0000747           
0.992000            	-0.003226523        	0.0000466           
0.993000            	0.005301258         	0.0000516           
0.994000            	0.01381776          	0.0000631           
0.995000            	0.02208938          	0.0000523           
0.996000            	0.02998190          	0.0000518           
0.997000            	0.03764213          	0.0000552           
0.998000            	0.04487881          	0.0000574           
0.999000            	0.05158494          	0.0000597           
