# CurveFit Sample Data File
# Load using: "Load Frequency Response File" Data I/O menu choice
#
# Freq (Hz)         	Amplitude (V)       	Offset (V)          	Amplitude (V)       	sig Amplitude       	Phase (deg)         	sig Phase           	Amplitude (V)       	sig Amplitude       	Phase (deg)         	sig Phase           
10000.00            	0.05000000          	0.000000            	0.05006057          	0.00001116324       	-1.097966           	0.03178798          	0.08074763          	0.000009514987      	-6.639305           	0.04902621          
10500.00            	0.05000000          	0.000000            	0.05008922          	0.000003299794      	-1.331391           	0.04657988          	0.08613366          	0.00001069784       	-7.376582           	0.03634571          
10500.00            	0.05000000          	0.000000            	0.05009722          	0.000002016208      	-1.347202           	0.02099170          	0.08615641          	0.000008759709      	-7.444396           	0.03020965          
10850.00            	0.05000000          	0.000000            	0.05009829          	0.000001342179      	-1.372182           	0.03818589          	0.09056465          	0.000006677592      	-8.011328           	0.03519840          
11000.00            	0.05000000          	0.000000            	0.05010745          	0.000001564592      	-1.423839           	0.02945439          	0.09263140          	0.000005815897      	-8.341067           	0.02900258          
11200.00            	0.05000000          	0.000000            	0.05011499          	0.000002364983      	-1.460492           	0.002634487         	0.09562022          	0.00001946326       	-8.647713           	0.01938953          
11500.00            	0.05000000          	0.000000            	0.05011598          	0.00001221871       	-1.472133           	0.03146006          	0.1005334           	0.000008700987      	-9.371768           	0.01084064          
11550.00            	0.05000000          	0.000000            	0.05012950          	0.000005287511      	-1.514024           	0.05317097          	0.1014305           	0.000006319986      	-9.563212           	0.02740212          
11900.00            	0.05000000          	0.000000            	0.05014651          	0.000002589662      	-1.503143           	0.01357169          	0.1082160           	0.000009975892      	-10.32479           	0.01609913          
12000.00            	0.05000000          	0.000000            	0.05014414          	0.000003194770      	-1.558537           	0.01152969          	0.1103347           	0.000001380561      	-10.66085           	0.04209687          
12250.00            	0.05000000          	0.000000            	0.05016358          	0.0000006519576     	-1.659477           	0.07082735          	0.1161773           	0.000003958915      	-11.44735           	0.05829520          
12500.00            	0.05000000          	0.000000            	0.05017797          	0.000003486097      	-1.774390           	0.04259548          	0.1227580           	0.000004557493      	-12.26724           	0.009508317         
12600.00            	0.05000000          	0.000000            	0.05017690          	0.000001985613      	-1.787953           	0.05029339          	0.1256801           	0.000002312424      	-12.61675           	0.03891056          
12950.00            	0.05000000          	0.000000            	0.05020554          	0.000006195257      	-1.881799           	0.04371717          	0.1371373           	0.00001118082       	-14.15325           	0.04976565          
13000.00            	0.05000000          	0.000000            	0.05020933          	0.00002985877       	-1.946988           	0.04532587          	0.1389568           	0.00003607745       	-14.30532           	0.02952698          
13300.00            	0.05000000          	0.000000            	0.05022906          	0.000003283380      	-1.937845           	0.01799017          	0.1512048           	0.000008235280      	-15.94914           	0.03813779          
13500.00            	0.05000000          	0.000000            	0.05024754          	0.000003372434      	-1.979094           	0.01580898          	0.1606975           	0.000008047090      	-17.05496           	0.02039224          
13650.00            	0.05000000          	0.000000            	0.05027547          	0.000004391679      	-2.053045           	0.02593434          	0.1687772           	0.000007796247      	-18.16925           	0.03689664          
14000.00            	0.05000000          	0.000000            	0.05029929          	0.000005932554      	-2.098572           	0.04850313          	0.1912118           	0.000006513037      	-20.94040           	0.01500976          
14000.00            	0.05000000          	0.000000            	0.05030205          	0.000002694227      	-2.150380           	0.03991587          	0.1912802           	0.000002400416      	-21.00194           	0.02800830          
14083.70            	0.05000000          	0.000000            	0.05031421          	0.000004342172      	-2.220799           	0.08287526          	0.1975312           	0.000006040204      	-21.88722           	0.009948582         
14214.24            	0.05000000          	0.000000            	0.05033571          	0.000003222562      	-2.221565           	0.08351658          	0.2082603           	0.000009404260      	-23.20735           	0.03776430          
14344.79            	0.05000000          	0.000000            	0.05035410          	0.000003048180      	-2.246739           	0.08041528          	0.2202026           	0.000009150655      	-24.71209           	0.02760395          
14350.00            	0.05000000          	0.000000            	0.05035889          	0.000005323996      	-2.276033           	0.05617024          	0.2207550           	0.000004594546      	-24.85541           	0.02956364          
14475.33            	0.05000000          	0.000000            	0.05037425          	0.000004248055      	-2.399396           	0.05869616          	0.2334937           	0.000007087094      	-26.46083           	0.05929992          
14500.00            	0.05000000          	0.000000            	0.05038060          	0.0000004235566     	-2.359302           	0.04276250          	0.2361902           	0.000004908746      	-26.96040           	0.01891685          
14605.87            	0.05000000          	0.000000            	0.05038616          	0.000008968400      	-2.480217           	0.04925015          	0.2484059           	0.00001115832       	-28.44530           	0.05545863          
14700.00            	0.05000000          	0.000000            	0.05041701          	0.000002012005      	-2.424969           	0.01099584          	0.2603490           	0.000002763075      	-30.07387           	0.02060722          
14736.42            	0.05000000          	0.000000            	0.05041288          	0.000009961681      	-2.523273           	0.03536482          	0.2651062           	0.000004777247      	-30.82623           	0.02373131          
14866.96            	0.05000000          	0.000000            	0.05043863          	0.000003492207      	-2.571082           	0.06897698          	0.2839204           	0.000001926484      	-33.36254           	0.01891067          
14997.50            	0.05000000          	0.000000            	0.05046231          	0.000004683595      	-2.675622           	0.05200327          	0.3050287           	0.00001201268       	-36.45689           	0.06849368          
15000.00            	0.05000000          	0.000000            	0.05045426          	0.000003455025      	-2.546999           	0.03346598          	0.3054420           	0.000006012526      	-36.59422           	0.02242222          
15050.00            	0.05000000          	0.000000            	0.05047475          	0.000004478811      	-2.720286           	0.01171935          	0.3143054           	0.000002251729      	-37.79617           	0.05277112          
15128.05            	0.05000000          	0.000000            	0.05046708          	0.000003781808      	-2.743178           	0.03996477          	0.3285553           	0.000004555982      	-39.99763           	0.06699476          
15258.59            	0.05000000          	0.000000            	0.05047563          	0.000007598321      	-2.774650           	0.03421316          	0.3546360           	0.000006229921      	-44.10806           	0.05122665          
15389.13            	0.05000000          	0.000000            	0.05047006          	0.0000009042345     	-3.005337           	0.04326121          	0.3829656           	0.00001214528       	-48.99022           	0.07403109          
15400.00            	0.05000000          	0.000000            	0.05048081          	0.000004381202      	-2.959306           	0.05054006          	0.3855242           	0.000002619597      	-49.42437           	0.05301242          
15500.00            	0.05000000          	0.000000            	0.05045643          	0.000006154274      	-3.119014           	0.04325101          	0.4081688           	0.000007386981      	-53.80649           	0.05101937          
15519.68            	0.05000000          	0.000000            	0.05045858          	0.0000004479528     	-3.160785           	0.03624918          	0.4127309           	0.000002473789      	-54.79991           	0.03427153          
15650.22            	0.05000000          	0.000000            	0.05040596          	0.000006968333      	-3.312938           	0.02993935          	0.4422739           	0.000005809823      	-61.40272           	0.04911755          
15750.00            	0.05000000          	0.000000            	0.05034552          	0.000001664593      	-3.457042           	0.03555124          	0.4632365           	0.000006061633      	-67.12377           	0.03126539          
15780.76            	0.05000000          	0.000000            	0.05031465          	0.000003933347      	-3.402268           	0.04700637          	0.4688577           	0.00001248492       	-69.08895           	0.05023865          
15911.31            	0.05000000          	0.000000            	0.05018125          	0.000005752895      	-3.559825           	0.1163110           	0.4887759           	0.000006202507      	-77.52224           	0.05314626          
16000.00            	0.05000000          	0.000000            	0.05008970          	0.000009313092      	-3.771769           	0.005441998         	0.4965745           	0.000003829450      	-83.69885           	0.01984605          
16041.85            	0.05000000          	0.000000            	0.05002426          	0.000003819901      	-3.591419           	0.07162402          	0.4982928           	0.00001822088       	-86.69826           	0.04621431          
16100.00            	0.05000000          	0.000000            	0.04995802          	0.000009684237      	-3.709831           	0.07813309          	0.4986540           	0.000005897557      	-90.90948           	0.05695530          
16172.39            	0.05000000          	0.000000            	0.04984535          	0.000004443039      	-3.700783           	0.08534643          	0.4951262           	0.00001873628       	-96.03395           	0.01485110          
16302.94            	0.05000000          	0.000000            	0.04969834          	0.00002701275       	-3.708830           	0.07633032          	0.4796713           	0.00001506984       	-105.0344           	0.08177714          
16433.48            	0.05000000          	0.000000            	0.04956907          	0.000003038953      	-3.485413           	0.05176564          	0.4549501           	0.000009543318      	-113.4171           	0.04124173          
16450.00            	0.05000000          	0.000000            	0.04956178          	0.000003331592      	-3.641185           	0.02205365          	0.4514617           	0.00001354448       	-114.3862           	0.06401139          
16500.00            	0.05000000          	0.000000            	0.04953636          	0.000003199176      	-3.477781           	0.04287648          	0.4399980           	0.00001320578       	-117.2555           	0.04776873          
16564.02            	0.05000000          	0.000000            	0.04949396          	0.0000004310893     	-3.504035           	0.04161782          	0.4247518           	0.000004525293      	-120.7872           	0.05611665          
16694.57            	0.05000000          	0.000000            	0.04944706          	0.000001625721      	-3.427504           	0.06441531          	0.3927136           	0.00001016900       	-127.3083           	0.06133897          
16800.00            	0.05000000          	0.000000            	0.04943102          	0.000006702469      	-3.300658           	0.01565608          	0.3672399           	0.000008596577      	-131.8790           	0.05718395          
16825.11            	0.05000000          	0.000000            	0.04941795          	0.000002980101      	-3.205077           	0.006814173         	0.3612885           	0.000006748758      	-132.9303           	0.05660678          
16955.65            	0.05000000          	0.000000            	0.04942633          	0.000003093857      	-3.174061           	0.09413309          	0.3318450           	0.000007203524      	-137.6223           	0.02130992          
17000.00            	0.05000000          	0.000000            	0.04941964          	0.000002778761      	-3.261633           	0.04966740          	0.3224271           	0.000007279833      	-138.9495           	0.006578407         
17086.20            	0.05000000          	0.000000            	0.04943041          	0.000003145398      	-3.118501           	0.07900831          	0.3050391           	0.000008871975      	-141.6748           	0.06535465          
17150.00            	0.05000000          	0.000000            	0.04944291          	0.000004868416      	-3.094234           	0.03922481          	0.2929647           	0.000006604875      	-143.5140           	0.09637716          
17216.74            	0.05000000          	0.000000            	0.04944894          	0.000001400175      	-3.082453           	0.04674964          	0.2809926           	0.000001325248      	-145.2132           	0.07641349          
17347.28            	0.05000000          	0.000000            	0.04947135          	0.000002815820      	-3.073355           	0.09147062          	0.2595332           	0.000008379889      	-148.0273           	0.02058699          
17477.83            	0.05000000          	0.000000            	0.04948851          	0.000002419441      	-3.073191           	0.05105584          	0.2404847           	0.000009408475      	-150.6419           	0.07110740          
17500.00            	0.05000000          	0.000000            	0.04948862          	0.000004316849      	-3.008479           	0.06428323          	0.2374916           	0.00001539097       	-151.0084           	0.05049584          
17500.00            	0.05000000          	0.000000            	0.04948726          	0.000004305856      	-3.042339           	0.08189756          	0.2374864           	0.000005193926      	-150.9329           	0.02069480          
17608.37            	0.05000000          	0.000000            	0.04951053          	0.0000009871634     	-3.149487           	0.02002619          	0.2235941           	0.000004957214      	-152.8869           	0.08200290          
17738.91            	0.05000000          	0.000000            	0.04953032          	0.000004916405      	-3.082865           	0.0006966153        	0.2085265           	0.00001029932       	-154.8431           	0.03047839          
17850.00            	0.05000000          	0.000000            	0.04954944          	0.000003089834      	-3.071509           	0.08191975          	0.1970371           	0.000005919785      	-156.3303           	0.03099021          
17869.46            	0.05000000          	0.000000            	0.04955378          	0.000003574555      	-3.044443           	0.06329731          	0.1951235           	0.00001236244       	-156.5452           	0.06930209          
18000.00            	0.05000000          	0.000000            	0.04957643          	0.000004137686      	-3.007757           	0.09193306          	0.1831164           	0.000006946009      	-158.1089           	0.03339801          
18000.00            	0.05000000          	0.000000            	0.04957168          	0.000007298566      	-3.083049           	0.05045470          	0.1831181           	0.00001554838       	-158.0818           	0.03437100          
18200.00            	0.05000000          	0.000000            	0.04960606          	0.000004909161      	-3.166745           	0.02878713          	0.1670175           	0.000006161159      	-160.1214           	0.04620243          
18500.00            	0.05000000          	0.000000            	0.04962828          	0.000001931612      	-3.119131           	0.08627302          	0.1470703           	0.00001550413       	-162.6989           	0.02080499          
18550.00            	0.05000000          	0.000000            	0.04963817          	0.000003010059      	-3.174702           	0.02430860          	0.1441690           	0.00001092025       	-162.9497           	0.1037584           
18900.00            	0.05000000          	0.000000            	0.04967685          	0.000002888096      	-3.138775           	0.04053272          	0.1262967           	0.000009359989      	-165.2103           	0.06096541          
19000.00            	0.05000000          	0.000000            	0.04968411          	0.000003642544      	-3.171555           	0.03700368          	0.1219012           	0.000007519350      	-165.7359           	0.03128905          
19250.00            	0.05000000          	0.000000            	0.04969172          	0.000005072287      	-3.192572           	0.07249565          	0.1120330           	0.00001265995       	-167.0456           	0.07850508          
19500.00            	0.05000000          	0.000000            	0.04971318          	0.000005212013      	-3.318358           	0.02670722          	0.1034860           	0.000009286226      	-167.9587           	0.04437007          
19600.00            	0.05000000          	0.000000            	0.04973523          	0.000003279212      	-3.265005           	0.08141690          	0.1003873           	0.000004967815      	-168.4084           	0.05897015          
19950.00            	0.05000000          	0.000000            	0.04974265          	0.000001196509      	-3.270280           	0.06288568          	0.09077586          	0.00001413608       	-169.7055           	0.02896118          
20000.00            	0.05000000          	0.000000            	0.04973792          	0.000004337939      	-3.281110           	0.04378652          	0.08950314          	0.000007020212      	-169.7335           	0.08666089          
20300.00            	0.05000000          	0.000000            	0.04975794          	0.000005036270      	-3.373638           	0.07711185          	0.08264626          	0.000001208474      	-170.6486           	0.06557313          
20500.00            	0.05000000          	0.000000            	0.04975719          	0.0000008139203     	-3.324954           	0.01380856          	0.07856994          	0.00001083876       	-171.2992           	0.03102489          
20650.00            	0.05000000          	0.000000            	0.04977152          	0.000007920142      	-3.450830           	0.05903975          	0.07574855          	0.000009079149      	-171.5814           	0.05886658          
21000.00            	0.05000000          	0.000000            	0.04979633          	0.000004638683      	-3.474153           	0.04221825          	0.06977160          	0.000003385878      	-172.4870           	0.04110143          
21000.00            	0.05000000          	0.000000            	0.04978242          	0.000002412030      	-3.495305           	0.1094046           	0.06979135          	0.000003983304      	-172.3986           	0.03581966          
21500.00            	0.05000000          	0.000000            	0.04980073          	0.000006448822      	-3.642611           	0.08606904          	0.06259149          	0.000003734284      	-173.1475           	0.1290146           
22000.00            	0.05000000          	0.000000            	0.04979236          	0.00003721732       	-3.638738           	0.1252221           	0.05659634          	0.00004488164       	-174.1122           	0.06298315          
22500.00            	0.05000000          	0.000000            	0.04981984          	0.000004876177      	-3.765329           	0.08325040          	0.05154277          	0.000005172669      	-174.8040           	0.08061698          
23000.00            	0.05000000          	0.000000            	0.04982349          	0.000003585323      	-3.907356           	0.1302507           	0.04723362          	0.00001557601       	-175.3439           	0.1109105           
23500.00            	0.05000000          	0.000000            	0.04983755          	0.000002932807      	-3.987378           	0.06328189          	0.04348550          	0.000006564001      	-175.9041           	0.1404315           
24000.00            	0.05000000          	0.000000            	0.04984976          	0.000007757399      	-4.167653           	0.03363745          	0.04022970          	0.00001010623       	-176.6311           	0.05132318          
24500.00            	0.05000000          	0.000000            	0.04984762          	0.000001713534      	-4.050409           	0.02964279          	0.03737095          	0.00002046863       	-177.0307           	0.07442520          
25000.00            	0.05000000          	0.000000            	0.04985203          	0.000005723200      	-4.221498           	0.04131832          	0.03483604          	0.00001455440       	-177.3571           	0.1339494           
