4.130498	229.223	0	0
4.138795	229.746	0	0
4.149563	230.278	0	0
4.162357	230.812	0	0
4.174075	231.344	0	0
4.187312	231.874	0	0
4.199602	232.403	0	0
4.211129	232.934	0	0
4.222719	233.464	0	0
4.23412	233.998	0	0
4.246154	234.522	0	0
4.255656	235.041	0	0
4.266486	235.558	0	0
4.279533	236.108	0	0
4.292011	236.64	0	0
4.303538	237.2	0	0
4.314623	237.711	0	0
4.325897	238.215	0	0
4.335904	238.734	0	0
4.350662	239.251	0	0
4.358959	239.745	0	0
4.368079	240.253	0	0
4.38119	240.794	0	0
4.390691	241.261	0	0
4.402979	241.78	0	0
4.414063	242.314	0	0
4.424767	242.826	0	0
4.434964	243.313	0	0
4.448012	243.871	0	0
4.459982	244.398	0	0
4.471509	244.922	0	0
4.483861	245.484	0	0
4.496085	246.026	0	0
4.507233	246.558	0	0
4.52028	247.074	0	0
4.529463	247.606	0	0
4.541878	248.11	0	0
4.553342	248.615	0	0
4.563919	249.136	0	0
4.574877	249.635	0	0
4.586278	250.147	0	0
4.597489	250.663	0	0
4.608826	251.179	0	0
4.621177	251.705	0	0
4.632324	252.224	0	0
4.643408	252.736	0	0
4.653732	253.246	0	0
4.666019	253.767	0	0
4.677167	254.263	0	0
4.688251	254.823	0	0
4.699588	255.32	0	0
4.711622	255.842	0	0
4.723277	256.371	0	0
4.735058	256.88	0	0
4.744115	257.37	0	0
4.756275	257.897	0	0
4.767233	258.416	0	0
4.775974	258.855	0	0
4.789274	259.388	0	0
4.800865	259.902	0	0
4.81214	260.433	0	0
4.82392	260.936	0	0
4.834751	261.481	0	0
4.845708	261.996	0	0
4.857109	262.516	0	0
4.869207	263.027	0	0
4.8801	263.549	0	0
4.891058	264.063	0	0
4.902142	264.592	0	0
4.914746	265.106	0	0
4.925133	265.614	0	0
4.937421	266.138	0	0
4.945591	266.594	0	0
4.957689	267.094	0	0
4.96928	267.614	0	0
4.980301	268.15	0	0
4.991701	268.669	0	0
5.002785	269.187	0	0
5.015136	269.712	0	0
5.026094	270.24	0	0
5.036987	270.777	0	0
5.048389	271.291	0	0
5.060613	271.808	0	0
5.071823	272.379	0	0
5.08487	272.893	0	0
5.095385	273.432	0	0
5.107229	273.989	0	0
5.120593	274.51	0	0
5.130284	275.035	0	0
5.142634	275.556	0	0
5.152579	276.048	0	0
5.16417	276.589	0	0
5.176837	277.114	0	0
5.187605	277.612	0	0
5.197548	278.13	0	0
5.209899	278.648	0	0
5.22111	279.172	0	0
5.231244	279.661	0	0
5.242771	280.159	0	0
5.252843	280.633	0	0
5.263167	281.14	0	0
5.274821	281.838	0	0
5.291226	282.323	0	0
5.300537	282.848	0	0
5.310607	283.318	0	0
5.322894	283.845	0	0
5.334042	284.374	0	0
5.345823	284.903	0	0
5.357413	285.421	0	0
5.369447	285.956	0	0
5.379962	286.481	0	0
5.391616	287.019	0	0
5.40327	287.541	0	0
5.415684	288.047	0	0
5.426135	288.56	0	0
5.437852	289.078	0	0
5.447986	289.595	0	0
5.458057	290.09	0	0
5.470217	290.613	0	0
5.481238	291.138	0	0
5.492259	291.666	0	0
5.503597	292.198	0	0
5.516264	292.697	0	0
5.526398	293.223	0	0
5.538432	293.754	0	0
5.550086	294.268	0	0
5.561044	294.766	0	0
5.572571	295.295	0	0
5.583908	295.804	0	0
5.594803	296.319	0	0
5.60576	296.845	0	0
5.617224	297.348	0	0
5.629448	297.886	0	0
5.640279	298.395	0	0
5.651807	298.908	0	0
5.66156	299.384	0	0
5.673151	299.889	0	0
5.683665	300.422	0	0
5.695446	300.956	0	0
5.709064	301.451	0	0
5.718248	301.972	0	0
5.729205	302.48	0	0
5.740162	303.001	0	0
5.751879	303.497	0	0
5.762583	303.997	0	0
5.773605	304.508	0	0
5.785259	305.031	0	0
5.796406	305.544	0	0
5.807553	306.053	0	0
5.819017	306.561	0	0
5.829341	307.067	0	0
5.839982	307.567	0	0
5.851193	308.099	0	0
5.862848	308.611	0	0
5.874502	309.126	0	0
5.885269	309.666	0	0
5.897429	310.182	0	0
5.907881	310.706	0	0
5.919851	311.232	0	0
5.931948	311.74	0	0
5.941512	312.244	0	0
5.95247	312.754	0	0
5.964758	313.276	0	0
5.976032	313.797	0	0
5.987495	314.303	0	0
5.997693	314.83	0	0
6.009663	315.332	0	0
6.021444	315.86	0	0
6.031578	316.368	0	0
6.043992	316.887	0	0
6.054633	317.414	0	0
6.066541	317.925	0	0
6.076421	318.435	0	0
6.088202	318.956	0	0
6.099096	319.431	0	0
6.11056	319.932	0	0
6.120188	320.442	0	0
6.132032	320.951	0	0
6.143686	321.468	0	0
6.153883	321.974	0	0
6.166297	322.487	0	0
6.177191	322.999	0	0
6.188086	323.521	0	0
6.199107	324.045	0	0
6.210824	324.562	0	0
6.221401	325.084	0	0
6.233752	325.616	0	0
6.244772	326.143	0	0
6.25687	326.647	0	0
6.267067	327.148	0	0
6.277961	327.661	0	0
6.289425	328.211	0	0
6.302032	328.739	0	0
6.313242	329.258	0	0
6.324643	329.771	0	0
6.335094	330.285	0	0
6.345291	330.733	0	0
6.357136	331.257	0	0
6.368917	331.767	0	0
6.37905	332.261	0	0
6.389121	332.778	0	0
6.401408	333.275	0	0
6.411923	333.787	0	0
6.423197	334.291	0	0
6.434344	334.815	0	0
6.446252	335.345	0	0
6.457146	335.861	0	0
6.468609	336.379	0	0
6.479377	336.873	0	0
6.490841	337.386	0	0
6.501672	337.923	0	0
6.513516	338.408	0	0
6.524917	338.939	0	0
6.535368	339.46	0	0
6.546705	339.988	0	0
6.557409	340.501	0	0
6.569126	341.008	0	0
6.580021	341.528	0	0
6.592435	342.039	0	0
6.602126	342.542	0	0
6.613843	343.073	0	0
6.625623	343.594	0	0
6.637341	344.087	0	0
6.648425	344.588	0	0
6.658876	345.079	0	0
6.67034	345.584	0	0
6.680284	346.1	0	0
6.691748	346.612	0	0
6.702832	347.124	0	0
6.71379	347.625	0	0
6.725126	348.147	0	0
6.737034	348.665	0	0
6.747738	349.185	0	0
6.759075	349.678	0	0
6.770033	350.186	0	0
6.781117	350.705	0	0
6.792011	351.218	0	0
6.804045	351.736	0	0
6.814369	352.258	0	0
6.825517	352.751	0	0
6.836538	353.251	0	0
6.847558	353.769	0	0
6.858959	354.281	0	0
6.870614	354.806	0	0
6.88214	355.334	0	0
6.893984	355.865	0	0
6.905323	356.392	0	0
6.91723	356.92	0	0
6.928503	357.433	0	0
6.939018	357.93	0	0
6.950736	358.447	0	0
6.960869	358.976	0	0
6.97322	359.503	0	0
6.98538	360.021	0	0
6.995895	360.516	0	0
7.007422	361.058	0	0
7.019077	361.571	0	0
7.02978	362.089	0	0
7.040802	362.6	0	0
7.052138	363.118	0	0
7.063602	363.624	0	0
7.074624	364.108	0	0
7.085391	364.61	0	0
7.096728	365.105	0	0
7.107559	365.604	0	0
7.117819	366.119	0	0
7.129221	366.63	0	0
7.140875	367.172	0	0
7.152845	367.692	0	0
7.163866	368.201	0	0
7.175584	368.713	0	0
7.186288	369.225	0	0
7.196991	369.762	0	0
7.208772	370.271	0	0
7.21973	370.801	0	0
7.231764	371.315	0	0
7.242784	371.822	0	0
7.253235	372.332	0	0
7.264446	372.838	0	0
7.275847	373.355	0	0
7.288007	373.869	0	0
7.299092	374.359	0	0
7.309416	374.862	0	0
7.320437	375.349	0	0
7.331901	375.859	0	0
7.342288	376.375	0	0
7.354322	376.887	0	0
7.364963	377.41	0	0
7.376427	377.9	0	0
7.386434	378.395	0	0
7.397962	378.914	0	0
7.409299	379.423	0	0
7.42089	379.926	0	0
7.431594	380.448	0	0
7.442678	380.961	0	0
7.454713	381.482	0	0
7.466556	381.987	0	0
7.476057	382.49	0	0
7.487458	383.016	0	0
7.499619	383.539	0	0